4.700000
9.300000
38.200001
4.070000
8.800000
60.500000
44.400002
4.430000
59.299999
18.799999
1.100000
2.210000
58.899998
88.100006
26.000000
1.270000
14.200000
40.300003
34.100002
3.500000
84.199997
67.199997
80.299995
3.700000
61.000000
16.900002
82.200005
1.430000
80.400002
10.700001
74.699997
1.580000
59.500000
59.000000
24.400002
1.150000
84.199997
14.900000
29.000000
4.060000
80.600006
89.300003
52.500000
4.140000
61.700001
20.000000
40.400002
2.600000
95.100006
51.199997
91.300003
1.770000
50.300003
12.400000
56.000000
2.270000
13.500000
46.000000
74.899994
4.940000
91.599998
3.400000
37.200001
1.390000
94.099998
52.700001
27.000000
0.260000
45.000000
17.100000
57.199997
2.500000
68.300003
16.799999
20.500000
0.420000
27.100000
67.199997
82.500000
0.960000
4.800000
41.500000
63.899998
1.150000
34.799999
42.500000
89.500000
0.530000
96.099998
29.500000
58.500000
0.340000
17.500000
49.599998
64.400002
0.710000
65.800003
10.800000
83.300003
4.820000
98.900002
89.799995
11.599999
3.180000
0.400000
96.800003
90.800003
4.120000
93.000000
46.599998
72.099998
1.790000
55.599998
20.400000
83.800003
1.090000
65.199997
87.500000
8.700000
1.730000
25.400000
68.099998
82.600006
0.270000
99.899994
10.400000
58.000000
2.390000
88.199997
10.800000
52.199997
1.390000
46.100002
70.300003
12.900000
1.200000
32.500000
28.699999
76.699997
4.580000
10.400000
69.599998
19.900000
4.240000
62.500000
34.100002
10.700001
0.330000
67.900002
71.599998
53.600002
0.820000
95.299995
93.000000
24.200001
3.650000
25.900000
47.600002
84.599998
1.910000
4.600000
14.400001
67.500000
3.850000
6.800000
22.700001
46.300003
4.360000
23.000000
49.400002
93.000000
1.240000
97.600006
41.900002
95.299995
4.170000
23.699999
59.400002
5.400000
0.800000
3.700000
19.199999
75.300003
4.490000
82.099998
66.400002
56.199997
2.600000
50.200001
90.200005
69.099998
3.490000
41.599998
93.500000
37.799999
2.180000
67.800003
78.900002
55.400002
3.190000
66.500000
52.600002
22.700001
4.850000
44.799999
69.199997
31.700001
1.200000
14.099999
10.200000
24.000000
4.640000
85.400002
49.000000
62.700001
3.120000
18.799999
14.200000
25.500000
4.440000
67.000000
67.399994
0.800000
2.100000
28.599998
24.200001
46.199997
2.710000
82.399994
17.600000
48.299999
4.980000
7.500000
16.299999
77.399994
3.370000
83.000000
77.800003
21.500000
1.630000
44.799999
31.500000
24.000000
3.260000
86.300003
0.200000
16.400000
2.870000
41.700001
66.599998
7.200000
4.720000
96.300003
49.799999
28.000000
0.390000
25.200001
20.200001
97.799995
0.880000
76.400002
65.199997
91.699997
3.690000
0.500000
2.400000
42.500000
1.920000
35.700001
35.299999
47.700001
0.490000
76.699997
78.599998
37.299999
2.220000
52.199997
32.700001
95.900002
0.530000
69.800003
90.500000
71.599998
3.220000
18.400000
8.000000
62.800003
0.810000
73.800003
52.099998
25.100000
4.390000
63.000000
68.099998
90.000000
2.020000
76.599998
3.800000
25.900000
1.900000
46.500000
36.000000
99.099998
4.550000
54.000000
10.900001
17.900000
2.310000
69.599998
53.600002
50.799999
0.670000
25.500000
36.799999
89.899994
0.910000
34.000000
6.900000
29.100000
3.450000
93.699997
48.000000
56.199997
3.160000
1.100000
67.399994
12.400000
4.390000
75.800003
76.500000
36.199997
1.940000
25.200001
68.300003
8.100000
4.260000
50.599998
51.900002
47.199997
0.590000
43.800003
17.200001
42.900002
1.600000
61.399998
34.599998
8.400000
1.020000
89.000000
32.000000
35.899998
3.090000
13.300000
99.500000
73.300003
3.320000
69.800003
51.300003
60.000000
1.910000
15.599999
7.600000
30.500000
2.810000
48.500000
41.300003
13.099999
4.800000
96.800003
81.800003
28.400000
0.320000
73.900002
45.400002
65.800003
4.270000
12.400000
2.600000
68.599998
4.960000
69.899994
42.500000
3.500000
1.340000
64.899994
76.000000
53.600002
2.270000
61.300003
54.899998
51.199997
4.450000
96.300003
15.200000
14.000000
1.550000
65.500000
84.700005
43.099998
4.110000
26.199999
38.699997
39.799999
2.930000
51.599998
33.900002
30.400000
0.390000
43.800003
17.100000
92.500000
0.400000
56.199997
38.599998
43.200001
1.410000
10.000000
57.500000
49.400002
1.550000
40.400002
34.299999
83.599998
2.590000
47.399998
80.900002
19.900000
3.430000
86.199997
48.899998
12.000000
2.780000
55.400002
44.400002
34.000000
4.140000
9.000000
25.400000
6.300000
0.430000
50.300003
58.800003
71.000000
0.170000
47.000000
73.900002
24.900000
0.350000
93.500000
34.400002
87.600006
2.940000
86.000000
66.099998
98.800003
2.590000
29.100000
43.299999
2.700000
0.930000
45.799999
84.700005
45.599998
2.180000
57.099998
4.800000
38.399998
2.820000
24.300001
30.299999
0.900000
4.510000
56.700001
71.699997
96.300003
0.370000
8.100000
16.600000
3.300000
1.790000
63.200001
27.799999
69.699997
4.500000
22.500000
47.399998
23.000000
2.520000
57.500000
45.900002
39.100002
4.750000
67.000000
83.599998
80.900002
0.360000
54.599998
9.599999
2.300000
1.090000
68.800003
32.900002
6.900000
1.480000
44.099998
30.900000
35.099998
0.320000
98.400002
8.500000
97.900002
3.220000
23.699999
69.500000
72.000000
3.420000
41.500000
22.900000
15.000000
4.050000
78.699997
21.700001
59.699997
3.750000
71.400002
11.200000
92.900002
2.110000
7.000000
5.900000
76.300003
0.320000
80.299995
11.400000
81.099998
0.970000
50.100002
21.700001
2.500000
2.520000
43.099998
12.300000
12.700000
0.740000
35.700001
75.100006
19.199999
4.160000
27.200001
57.700001
50.700001
4.610000
68.500000
8.600000
16.900002
3.140000
41.199997
27.100000
68.099998
2.950000
50.300003
51.300003
58.899998
3.040000
63.099998
17.799999
38.900002
3.240000
15.400000
60.599998
88.500000
4.700000
40.500000
64.099998
43.099998
1.220000
36.799999
64.500000
84.099998
4.370000
83.699997
11.000000
91.000000
4.430000
59.200001
28.099998
38.000000
0.180000
31.300001
91.199997
4.500000
1.050000
3.200000
60.700001
50.000000
1.050000
41.500000
98.300003
86.800003
0.350000
37.299999
0.800000
57.399998
1.820000
75.700005
41.100002
63.500000
0.230000
74.099998
74.299995
40.599998
2.990000
55.100002
42.399998
81.800003
4.360000
39.400002
12.100000
71.799995
3.510000
89.799995
77.800003
85.200005
0.360000
14.400001
6.500000
98.000000
4.370000
59.099998
19.500000
36.799999
0.040000
69.400002
26.500000
95.699997
4.080000
6.300000
94.700005
18.300001
0.080000
24.200001
92.200005
84.599998
1.070000
78.599998
79.000000
6.900000
3.970000
27.700001
23.599998
95.000000
2.850000
31.000000
88.000000
57.500000
3.570000
62.399998
71.699997
72.500000
4.140000
26.199999
22.100000
44.699997
0.780000
95.000000
32.400002
43.699997
4.850000
30.500000
49.299999
31.500000
3.830000
67.500000
16.600000
66.099998
0.980000
64.199997
95.100006
88.599998
0.630000
45.900002
62.500000
58.899998
4.270000
62.800003
17.200001
80.500000
0.040000
82.000000
22.799999
71.300003
4.860000
93.199997
14.200000
72.000000
0.710000
27.299999
70.500000
10.700001
4.780000
39.000000
97.500000
44.200001
0.130000
67.000000
56.199997
50.799999
1.230000
8.600000
85.699997
33.299999
4.370000
98.800003
59.299999
83.800003
0.940000
59.400002
81.500000
71.599998
0.870000
11.500000
57.700001
13.600000
3.140000
83.199997
77.699997
71.000000
3.760000
36.199997
76.699997
7.300000
0.630000
69.199997
52.199997
29.500000
0.470000
15.500000
3.600000
38.299999
2.600000
55.200001
93.000000
59.599998
0.950000
20.699999
55.300003
43.899998
2.350000
41.300003
43.800003
12.600000
3.860000
72.099998
10.900001
20.299999
1.890000
59.099998
14.900000
79.099998
0.520000
21.000000
44.299999
45.200001
0.540000
45.000000
0.200000
51.799999
3.030000
9.400000
56.000000
70.199997
1.070000
13.400001
6.300000
50.400002
3.830000
2.700000
49.099998
88.300003
4.120000
95.500000
61.599998
23.699999
0.510000
14.500000
74.400002
33.500000
2.200000
3.800000
49.200001
45.100002
0.370000
11.100000
3.800000
57.800003
1.720000
16.400000
22.500000
60.000000
4.710000
27.900000
73.699997
42.299999
2.850000
39.100002
56.199997
20.500000
1.220000
12.600000
96.899994
61.399998
1.150000
75.599998
65.800003
56.599998
0.160000
19.799999
71.099998
23.400000
1.340000
40.200001
24.400002
29.300001
2.330000
45.200001
16.400000
53.299999
0.670000
20.299999
20.599998
88.400002
2.080000
6.200000
74.599998
93.199997
0.300000
75.300003
73.300003
75.700005
2.010000
54.099998
91.300003
8.600000
2.530000
81.300003
55.200001
80.699997
3.700000
25.000000
87.500000
81.699997
2.880000
63.600002
31.400002
30.100000
3.220000
59.500000
0.700000
41.000000
4.140000
86.800003
96.300003
35.500000
4.540000
30.599998
81.099998
94.500000
4.150000
37.299999
35.500000
33.200001
4.900000
7.500000
56.399998
23.900002
0.590000
99.500000
28.400000
23.800001
0.850000
97.299995
14.099999
48.400002
1.530000
56.700001
55.599998
57.299999
3.450000
5.200000
12.300000
99.399994
0.000000
18.400000
92.399994
85.100006
2.060000
48.899998
5.300000
33.800003
2.190000
33.800003
88.300003
42.500000
2.130000
9.800000
26.300001
55.100002
4.870000
42.500000
78.599998
98.900002
2.020000
6.700000
79.000000
91.300003
1.300000
1.000000
29.100000
5.600000
2.310000
57.900002
37.700001
13.400001
3.410000
5.000000
25.599998
32.000000
2.450000
86.400002
37.599998
26.700001
1.510000
40.100002
24.400002
70.300003
4.900000
27.799999
40.000000
66.199997
4.090000
10.100000
92.900002
36.199997
3.330000
59.899998
14.000000
73.500000
3.320000
92.000000
58.200001
7.900000
4.720000
48.899998
73.900002
84.599998
3.760000
9.000000
6.600000
36.099998
0.180000
71.400002
57.900002
89.799995
4.430000
71.500000
83.800003
41.700001
0.890000
84.399994
25.900000
1.400000
2.240000
21.400002
58.699997
45.100002
0.590000
39.700001
14.700001
59.099998
4.050000
44.400002
90.000000
34.799999
2.270000
66.599998
1.400000
20.900000
2.600000
32.700001
46.500000
15.200000
1.480000
68.200005
97.900002
61.199997
4.410000
15.800000
26.700001
46.700001
4.690000
32.700001
17.100000
53.699997
1.510000
15.100000
4.400000
78.900002
2.440000
32.799999
81.300003
87.200005
2.060000
66.300003
71.699997
42.099998
4.390000
55.000000
5.800000
99.899994
2.740000
24.799999
70.700005
25.500000
4.220000
65.100006
52.199997
27.799999
3.240000
54.299999
34.700001
6.800000
1.470000
81.899994
57.000000
10.900001
3.350000
70.300003
59.000000
22.799999
0.100000
34.900002
50.400002
71.400002
0.220000
32.200001
45.100002
97.099998
0.130000
88.599998
62.199997
99.500000
2.220000
21.099998
58.099998
61.000000
4.100000
12.400000
73.400002
50.799999
2.810000
55.000000
9.500000
34.900002
2.190000
71.199997
20.100000
41.799999
0.350000
38.200001
71.500000
0.200000
3.580000
71.699997
16.400000
47.199997
1.600000
36.400002
72.399994
31.300001
2.340000
71.300003
23.699999
46.399998
0.260000
82.700005
2.000000
74.099998
2.440000
11.100000
97.799995
45.700001
3.340000
11.599999
0.200000
28.599998
1.540000
69.599998
91.300003
57.299999
0.370000
57.600002
85.699997
98.800003
3.620000
98.699997
4.600000
24.700001
0.440000
66.300003
89.399994
8.600000
3.490000
63.600002
80.299995
42.000000
3.320000
58.099998
96.400002
82.000000
3.340000
18.500000
92.399994
43.899998
1.200000
5.100000
76.599998
23.500000
0.880000
2.500000
65.599998
22.400000
1.450000
13.200001
92.200005
11.700000
3.630000
74.899994
3.600000
42.000000
0.250000
75.700005
99.700005
83.699997
3.870000
29.400002
5.900000
62.299999
3.080000
15.299999
55.200001
12.900000
0.580000
1.000000
88.000000
57.399998
2.990000
36.099998
28.900002
40.500000
3.330000
51.700001
69.299995
50.700001
0.920000
82.900002
75.900002
76.400002
1.810000
68.500000
6.500000
5.500000
4.780000
85.299995
80.500000
96.000000
1.410000
15.299999
79.099998
84.500000
3.440000
42.099998
13.500000
80.600006
3.720000
75.700005
19.500000
93.500000
0.520000
24.500000
94.899994
38.000000
0.700000
2.100000
12.500000
3.700000
0.240000
37.400002
48.200001
61.900002
4.990000
51.199997
16.799999
49.799999
0.930000
14.500000
3.200000
96.800003
2.780000
71.400002
41.300003
28.000000
4.510000
92.600006
26.900002
36.300003
4.920000
42.299999
58.899998
13.400001
4.890000
83.699997
6.100000
59.799999
4.520000
68.900002
89.199997
91.500000
2.190000
14.400001
9.100000
75.500000
2.770000
98.000000
48.500000
83.900002
0.860000
17.299999
13.000000
75.199997
2.420000
56.900002
92.099998
19.799999
3.620000
87.600006
45.400002
69.500000
4.190000
30.500000
82.700005
21.199999
4.290000
40.300003
68.200005
13.900000
1.070000
76.300003
3.600000
24.900000
3.670000
71.199997
11.400000
35.799999
0.490000
19.500000
19.700001
65.000000
1.940000
73.000000
22.700001
5.300000
0.420000
8.200000
61.399998
81.699997
3.330000
67.699997
18.799999
54.699997
1.170000
26.300001
4.000000
1.200000
0.250000
20.299999
80.600006
93.500000
0.290000
51.900002
64.899994
89.899994
0.840000
4.800000
75.700005
99.500000
4.180000
77.199997
59.400002
72.500000
3.770000
1.000000
45.000000
72.800003
2.630000
91.599998
16.299999
83.800003
4.370000
92.799995
91.400002
51.199997
1.300000
45.700001
93.800003
33.200001
0.470000
36.799999
63.699997
76.699997
1.920000
26.800001
45.200001
67.500000
3.100000
85.400002
43.200001
81.699997
2.570000
15.000000
33.200001
12.900000
4.160000
61.100002
34.100002
54.200001
3.610000
82.099998
81.400002
24.200001
1.780000
63.200001
1.400000
35.899998
2.640000
60.700001
6.400000
98.100006
0.830000
75.500000
37.700001
32.400002
0.360000
15.000000
47.600002
19.600000
2.040000
69.699997
2.200000
88.599998
1.150000
33.399998
84.700005
41.500000
1.120000
11.700000
44.400002
31.500000
2.590000
5.800000
38.399998
96.199997
3.770000
72.300003
13.800000
64.800003
1.050000
47.199997
80.699997
98.400002
1.510000
88.500000
11.500000
14.800000
3.760000
86.699997
32.900002
76.599998
2.490000
13.800000
62.000000
11.200000
3.070000
9.599999
94.500000
61.500000
0.890000
99.000000
50.599998
77.900002
1.640000
24.400002
53.299999
20.299999
4.710000
32.799999
81.899994
37.599998
2.070000
36.900002
12.400000
64.599998
0.830000
68.200005
73.200005
36.500000
2.910000
88.900002
98.500000
43.899998
2.440000
87.600006
78.699997
99.399994
3.290000
56.900002
26.800001
50.799999
0.980000
14.500000
95.600006
77.800003
3.410000
76.500000
2.200000
66.000000
2.320000
24.300001
85.400002
59.699997
2.950000
44.799999
8.100000
49.000000
4.430000
79.699997
52.299999
0.900000
0.440000
78.200005
72.900002
28.000000
4.180000
6.700000
29.300001
19.799999
2.400000
12.100000
3.800000
62.399998
3.040000
43.500000
48.299999
74.199997
3.340000
83.199997
18.900000
24.000000
1.400000
72.399994
51.399998
80.500000
1.680000
62.500000
31.600000
78.200005
2.000000
27.900000
25.299999
96.599998
4.640000
14.299999
95.000000
10.000000
0.190000
74.299995
84.899994
98.400002
1.770000
48.200001
4.700000
23.500000
2.990000
37.599998
93.100006
1.200000
1.580000
43.000000
20.900000
13.000000
1.070000
63.400002
21.500000
1.600000
2.990000
38.000000
4.100000
54.000000
1.650000
11.100000
16.200001
23.500000
4.500000
13.500000
34.500000
93.100006
1.170000
45.100002
63.699997
72.000000
2.430000
67.800003
45.599998
10.000000
2.950000
15.000000
40.300003
51.300003
1.020000
37.099998
83.400002
99.799995
0.610000
35.500000
90.800003
95.600006
1.260000
2.300000
57.500000
52.700001
3.540000
47.099998
16.400000
93.199997
1.710000
95.500000
98.199997
81.300003
3.970000
8.500000
57.800003
89.300003
1.180000
50.599998
47.299999
45.900002
0.200000
93.100006
94.899994
81.400002
0.230000
2.700000
65.000000
73.000000
2.560000
14.200000
95.000000
66.500000
3.670000
89.700005
80.600006
45.799999
1.160000
67.399994
44.000000
81.500000
4.800000
88.800003
23.699999
0.600000
0.790000
52.700001
26.700001
36.700001
1.530000
85.600006
93.800003
56.300003
0.420000
23.199999
29.100000
6.900000
0.510000
7.500000
35.200001
22.299999
1.640000
44.699997
44.000000
56.599998
2.070000
90.600006
73.099998
85.699997
2.180000
28.900002
31.800001
22.900000
2.880000
99.599998
32.700001
4.800000
3.950000
79.500000
77.199997
38.800003
3.680000
64.800003
73.500000
88.100006
2.290000
82.700005
68.900002
7.900000
4.930000
48.400002
94.500000
12.400000
2.830000
65.000000
68.200005
93.400002
0.020000
99.199997
91.800003
93.400002
1.480000
49.200001
39.299999
63.400002
1.810000
16.100000
83.599998
69.199997
2.010000
63.400002
63.299999
78.500000
3.590000
10.599999
85.400002
16.000000
2.830000
62.099998
27.900000
49.200001
1.160000
52.500000
53.299999
82.600006
2.270000
53.400002
92.000000
41.799999
1.860000
18.600000
51.199997
17.600000
2.140000
92.200005
20.100000
13.400001
2.270000
30.699999
39.200001
17.400000
1.780000
66.000000
33.099998
76.799995
4.900000
54.500000
12.200001
36.400002
2.270000
71.599998
73.200005
7.300000
2.700000
3.300000
6.200000
93.699997
2.400000
13.700000
13.700000
31.700001
4.550000
2.700000
76.000000
2.400000
1.520000
14.500000
95.699997
68.300003
0.510000
91.599998
73.099998
27.400000
3.240000
74.400002
8.400000
92.700005
1.980000
4.700000
94.500000
20.400000
1.050000
14.700001
12.900000
49.500000
4.730000
14.200000
79.099998
8.100000
1.810000
57.700001
78.800003
24.799999
4.880000
41.100002
48.500000
72.699997
0.160000
66.300003
40.300003
34.900002
3.620000
3.300000
15.700001
19.299999
0.620000
9.900000
78.800003
96.599998
2.950000
99.799995
82.500000
87.500000
2.800000
61.500000
28.800001
48.699997
1.150000
81.099998
60.599998
36.300003
4.340000
48.800003
47.199997
47.199997
3.240000
0.000000
34.799999
95.200005
4.800000
64.099998
16.799999
58.200001
0.310000
0.700000
8.400000
94.000000
4.360000
19.600000
7.200000
17.299999
0.600000
60.500000
31.500000
58.000000
3.390000
27.900000
97.000000
42.299999
0.560000
3.500000
17.600000
63.500000
1.030000
37.599998
32.200001
10.200000
3.880000
28.800001
85.000000
64.699997
0.450000
17.500000
14.500000
68.000000
3.090000
74.599998
49.799999
20.799999
2.110000
63.899998
77.699997
75.100006
1.460000
64.500000
86.599998
1.000000
3.940000
17.400000
67.000000
5.500000
2.320000
84.500000
54.200001
23.099998
4.150000
21.099998
41.199997
15.800000
2.630000
53.699997
32.900002
24.200001
4.290000
82.500000
43.500000
58.500000
3.170000
92.799995
48.899998
23.800001
3.800000
22.900000
94.599998
74.500000
0.790000
39.400002
70.700005
60.000000
0.730000
32.200001
56.399998
99.000000
2.470000
36.099998
31.400002
49.899998
2.210000
62.700001
49.299999
45.300003
3.100000
10.000000
70.100006
17.799999
2.720000
28.099998
7.700000
56.199997
4.430000
58.699997
19.000000
22.000000
3.460000
69.800003
83.100006
32.000000
2.590000
75.599998
70.000000
26.700001
3.320000
14.700001
82.500000
20.599998
0.810000
74.000000
20.900000
26.600000
2.890000
18.799999
31.700001
50.200001
4.670000
36.700001
98.300003
11.599999
4.450000
70.199997
5.800000
4.900000
3.510000
26.600000
37.200001
9.200000
1.450000
18.099998
15.500000
49.099998
0.510000
87.099998
49.000000
41.300003
3.430000
74.199997
30.599998
80.500000
4.800000
96.500000
51.799999
58.099998
0.150000
39.299999
84.500000
87.700005
4.350000
2.400000
50.200001
72.600006
2.250000
64.299995
62.600002
6.700000
1.760000
59.899998
84.599998
6.900000
1.310000
53.600002
11.400000
44.400002
4.950000
23.500000
35.299999
71.400002
1.010000
92.099998
59.500000
46.799999
1.660000
52.399998
10.500000
3.100000
0.100000
40.300003
71.000000
52.700001
2.910000
85.400002
69.099998
89.700005
3.250000
11.900001
70.900002
49.200001
1.270000
25.000000
79.500000
31.900002
2.760000
76.000000
31.600000
16.000000
4.070000
11.900001
13.900000
80.200005
3.280000
63.699997
95.900002
5.200000
1.320000
53.000000
94.199997
89.500000
0.120000
10.700001
55.100002
5.000000
4.840000
40.300003
55.500000
53.000000
4.720000
55.200001
43.899998
36.900002
3.830000
45.300003
97.500000
2.000000
3.830000
57.299999
63.200001
79.099998
3.670000
35.299999
1.100000
58.200001
2.640000
77.600006
39.700001
0.200000
4.460000
33.200001
56.799999
98.900002
0.780000
100.000000
68.400002
62.600002
1.330000
25.599998
46.900002
0.900000
2.180000
82.000000
42.399998
53.600002
4.930000
0.000000
71.599998
83.699997
2.630000
56.900002
87.900002
33.900002
0.350000
59.699997
76.300003
18.000000
4.700000
68.099998
38.599998
60.900002
1.410000
64.000000
10.299999
8.400000
1.940000
83.199997
42.199997
7.900000
4.360000
62.000000
58.899998
46.500000
1.340000
93.699997
47.500000
27.000000
3.820000
45.700001
45.300003
44.200001
2.650000
33.200001
81.199997
92.399994
4.420000
27.799999
23.199999
73.400002
2.310000
9.800000
34.000000
81.000000
1.260000
92.900002
30.000000
22.900000
3.540000
22.600000
76.099998
55.700001
1.480000
20.299999
96.599998
77.699997
2.190000
91.099998
61.100002
90.500000
2.400000
47.800003
19.400002
19.900000
4.470000
58.200001
92.700005
4.100000
1.790000
38.900002
36.300003
59.699997
4.500000
97.200005
88.199997
65.700005
1.830000
24.100000
68.800003
42.500000
0.850000
26.400002
89.899994
64.199997
0.110000
1.600000
69.800003
30.299999
3.870000
35.400002
58.699997
21.000000
4.400000
48.899998
79.000000
54.099998
4.970000
23.400000
65.700005
51.000000
3.240000
75.100006
67.300003
13.600000
1.580000
90.800003
84.000000
31.700001
2.640000
18.200001
16.799999
95.000000
0.340000
69.699997
3.500000
71.199997
2.320000
15.900001
45.900002
15.299999
1.800000
87.200005
83.599998
75.000000
2.150000
27.299999
66.099998
59.099998
0.190000
13.700000
17.600000
58.699997
1.210000
48.000000
4.700000
20.000000
0.050000
71.099998
4.400000
7.100000
1.920000
65.300003
21.400002
56.300003
1.670000
46.799999
78.699997
31.400002
3.920000
50.500000
55.400002
65.199997
3.530000
46.700001
26.099998
25.799999
0.770000
11.900001
60.000000
21.600000
0.430000
6.700000
59.799999
58.600002
4.870000
46.799999
15.299999
38.599998
4.590000
58.699997
0.300000
5.200000
4.670000
85.699997
14.099999
50.799999
3.760000
92.600006
76.599998
85.000000
0.380000
1.600000
33.200001
93.300003
1.950000
7.600000
23.900002
79.400002
2.100000
14.200000
44.099998
29.900000
4.180000
20.699999
97.799995
72.600006
3.040000
42.800003
55.500000
3.700000
3.180000
46.799999
16.600000
3.700000
2.520000
55.900002
83.599998
50.900002
3.710000
87.600006
52.900002
56.799999
2.980000
16.299999
51.500000
54.899998
0.050000
56.700001
35.200001
58.699997
4.660000
75.800003
39.000000
93.900002
4.200000
72.399994
37.200001
81.699997
0.350000
90.699997
59.699997
71.599998
1.910000
42.099998
24.799999
91.599998
2.920000
8.600000
55.599998
83.400002
4.820000
52.700001
57.500000
36.300003
4.660000
50.599998
86.599998
33.500000
2.100000
0.200000
38.900002
18.900000
0.710000
94.300003
22.600000
51.000000
2.400000
39.599998
78.099998
30.900000
0.110000
21.600000
99.300003
25.799999
4.230000
71.099998
37.700001
16.299999
0.930000
80.400002
60.300003
43.699997
0.700000
54.899998
66.799995
71.400002
2.090000
64.000000
51.599998
33.900002
2.620000
84.700005
34.599998
26.700001
2.210000
44.400002
3.900000
7.600000
2.930000
99.099998
40.900002
76.900002
0.360000
49.899998
29.500000
72.300003
0.670000
79.500000
41.799999
16.799999
4.440000
63.600002
64.699997
2.100000
3.080000
27.799999
45.500000
74.500000
1.660000
99.000000
44.000000
15.200000
4.290000
76.000000
69.199997
39.500000
0.920000
36.700001
81.500000
50.900002
4.210000
41.199997
93.500000
8.300000
4.860000
93.199997
36.500000
91.099998
1.090000
27.100000
44.000000
16.400000
0.960000
7.300000
93.300003
83.100006
1.960000
45.100002
37.900002
69.500000
0.480000
1.100000
91.899994
5.600000
3.000000
33.399998
83.400002
73.599998
2.180000
58.699997
32.000000
63.099998
3.820000
2.300000
24.100000
57.900002
2.040000
25.200001
17.000000
10.800000
1.470000
46.199997
45.700001
23.800001
1.800000
63.899998
1.400000
79.599998
0.550000
26.600000
3.000000
65.300003
0.370000
72.699997
7.200000
60.599998
3.910000
9.100000
18.300001
56.300003
4.150000
54.000000
42.800003
1.200000
1.540000
85.900002
15.500000
90.200005
4.120000
76.400002
51.399998
14.299999
0.060000
8.800000
21.900002
38.500000
4.930000
68.400002
8.000000
86.300003
0.260000
11.599999
0.000000
35.200001
0.910000
72.000000
65.599998
31.199999
2.390000
22.000000
56.500000
79.800003
3.700000
22.700001
58.299999
70.700005
1.490000
61.199997
24.000000
81.300003
4.980000
33.299999
77.800003
0.100000
4.390000
33.599998
68.200005
65.599998
4.090000
85.900002
36.300003
72.099998
4.760000
53.200001
29.400002
11.100000
4.360000
34.500000
67.500000
48.899998
0.010000
84.199997
53.699997
68.000000
2.380000
68.500000
59.799999
77.800003
4.850000
44.299999
52.800003
71.699997
1.280000
33.000000
17.900000
0.300000
4.060000
26.099998
0.600000
27.500000
0.680000
84.899994
72.900002
54.500000
4.930000
23.900002
44.400002
62.800003
4.650000
4.800000
56.000000
87.700005
3.530000
53.500000
12.900000
62.600002
3.470000
3.800000
59.899998
3.900000
4.100000
91.099998
46.599998
13.500000
3.330000
74.800003
4.000000
36.600002
0.010000
90.800003
30.000000
5.200000
1.860000
16.500000
55.900002
25.599998
3.780000
42.600002
87.000000
98.100006
0.550000
31.099998
26.000000
75.500000
0.990000
1.700000
5.200000
36.900002
0.030000
92.399994
54.799999
25.500000
1.970000
77.000000
50.300003
17.500000
0.240000
8.400000
99.599998
64.099998
1.370000
72.500000
66.799995
44.400002
3.520000
62.000000
39.900002
52.199997
4.690000
15.000000
51.700001
9.700001
4.450000
44.000000
9.200000
35.899998
1.650000
46.799999
75.000000
29.000000
1.720000
79.800003
24.700001
99.799995
2.350000
70.800003
29.100000
84.899994
0.730000
39.900002
51.500000
80.299995
2.480000
9.000000
62.700001
48.800003
1.210000
32.299999
57.199997
49.400002
0.150000
19.600000
74.899994
55.100002
3.490000
51.500000
21.300001
46.300003
0.890000
73.000000
87.299995
88.400002
2.040000
95.200005
7.200000
26.099998
3.380000
81.199997
69.400002
49.400002
4.370000
84.899994
17.400000
10.299999
0.860000
58.000000
96.400002
34.000000
4.260000
94.799995
50.799999
7.100000
2.890000
28.000000
66.000000
96.899994
1.570000
44.200001
8.600000
79.599998
2.460000
31.300001
54.299999
49.400002
3.120000
44.200001
77.099998
31.700001
4.390000
89.500000
51.300003
35.500000
2.310000
8.800000
12.300000
27.700001
3.340000
90.400002
87.399994
32.799999
3.650000
73.000000
47.299999
63.299999
0.860000
25.299999
29.100000
68.400002
3.200000
42.399998
81.300003
56.799999
2.160000
18.900000
82.799995
84.599998
1.880000
89.199997
13.099999
18.600000
3.960000
17.100000
55.200001
52.600002
0.530000
34.200001
8.600000
80.500000
4.900000
76.300003
29.000000
57.399998
3.190000
41.199997
84.099998
57.099998
1.270000
42.800003
41.700001
81.800003
1.750000
49.599998
0.400000
53.200001
4.180000
99.700005
99.799995
51.199997
0.870000
74.899994
4.900000
36.799999
1.860000
52.399998
2.900000
21.700001
1.700000
92.399994
15.599999
65.100006
3.740000
73.099998
35.299999
63.400002
2.300000
62.199997
2.500000
76.300003
2.510000
4.800000
1.900000
40.300003
2.170000
19.500000
44.099998
39.299999
4.790000
3.700000
79.699997
24.300001
0.440000
96.800003
52.099998
11.200000
0.090000
29.400002
42.700001
75.400002
1.150000
91.800003
73.599998
52.700001
2.330000
84.300003
40.900002
85.900002
3.180000
96.300003
55.000000
56.399998
1.140000
55.500000
49.200001
58.699997
1.250000
15.000000
41.399998
60.300003
1.560000
81.300003
70.300003
31.199999
4.660000
12.400000
59.000000
15.000000
4.950000
48.800003
37.500000
84.000000
4.020000
70.500000
80.200005
62.700001
2.270000
32.700001
27.700001
3.600000
2.710000
39.599998
3.700000
34.599998
2.080000
25.799999
2.600000
10.100000
1.410000
29.200001
37.799999
36.199997
3.240000
48.699997
60.900002
69.699997
0.240000
3.600000
93.300003
96.000000
2.780000
4.600000
50.500000
2.800000
1.070000
76.300003
96.599998
42.099998
1.470000
81.699997
71.599998
27.600000
1.530000
91.699997
68.699997
69.500000
0.300000
46.100002
69.500000
85.200005
2.840000
84.799995
4.100000
61.799999
0.800000
42.199997
14.299999
43.299999
2.670000
87.700005
27.100000
76.799995
3.280000
57.399998
18.400000
52.099998
2.890000
33.599998
61.599998
33.200001
1.020000
60.700001
69.299995
33.099998
1.940000
81.800003
0.500000
21.000000
2.110000
60.100002
57.099998
80.100006
3.400000
34.400002
0.700000
6.400000
3.450000
91.099998
14.200000
46.300003
0.160000
32.299999
69.400002
1.600000
1.360000
13.700000
66.400002
9.900000
2.710000
49.599998
51.300003
79.699997
0.220000
72.300003
44.099998
80.400002
2.050000
22.200001
13.700000
97.399994
1.020000
84.199997
93.699997
82.000000
0.740000
87.099998
19.000000
34.900002
4.630000
64.800003
17.500000
57.900002
3.630000
41.300003
60.100002
69.199997
1.070000
20.200001
99.000000
92.900002
0.470000
8.600000
25.599998
46.799999
3.580000
32.400002
7.700000
41.300003
4.610000
1.900000
53.299999
81.599998
2.700000
21.900002
27.700001
36.500000
3.180000
34.500000
60.799999
66.000000
3.950000
78.800003
22.700001
42.500000
0.680000
68.599998
49.699997
73.200005
0.740000
16.900002
9.000000
81.699997
3.900000
4.200000
1.700000
54.099998
4.880000
3.000000
24.600000
52.199997
4.080000
93.199997
95.400002
4.600000
4.090000
49.599998
28.800001
80.299995
1.770000
92.600006
58.800003
66.900002
3.290000
15.100000
28.400000
28.900002
1.690000
77.500000
45.900002
82.200005
0.930000
63.299999
69.199997
62.700001
0.380000
59.599998
54.299999
89.899994
1.080000
12.700000
74.400002
81.400002
0.700000
23.800001
5.900000
99.099998
0.310000
36.300003
13.500000
8.300000
3.240000
65.800003
82.700005
0.000000
2.700000
22.700001
0.700000
30.900000
4.730000
8.300000
13.800000
39.299999
3.390000
11.700000
39.900002
39.900002
4.070000
1.600000
68.599998
96.500000
3.340000
57.099998
62.900002
14.500000
4.400000
52.299999
55.300003
18.900000
3.780000
38.500000
92.799995
27.200001
1.110000
56.100002
6.600000
8.500000
2.470000
22.700001
5.900000
0.100000
0.580000
37.099998
82.299995
62.800003
0.060000
55.000000
82.200005
75.500000
2.760000
40.000000
87.099998
85.400002
3.080000
77.199997
63.800003
69.400002
2.840000
40.000000
71.400002
19.600000
0.040000
64.699997
50.700001
8.000000
1.600000
27.799999
41.500000
77.800003
2.140000
23.599998
78.300003
0.000000
0.750000
63.800003
84.199997
18.600000
0.150000
5.300000
77.600006
96.300003
1.040000
13.900000
89.099998
95.400002
0.930000
81.199997
98.199997
1.700000
4.370000
4.800000
18.900000
4.600000
2.900000
57.399998
92.700005
53.899998
0.580000
95.500000
82.299995
20.699999
2.440000
80.100006
25.299999
78.699997
4.460000
50.700001
10.000000
47.900002
0.100000
21.199999
28.099998
87.600006
4.210000
40.000000
32.200001
40.200001
0.700000
17.200001
33.900002
31.900002
0.070000
47.600002
20.200001
52.500000
0.370000
31.800001
91.300003
85.299995
3.740000
83.199997
28.400000
78.400002
4.310000
39.500000
22.400000
48.800003
4.670000
83.900002
13.600000
66.300003
3.490000
48.099998
56.900002
99.199997
2.240000
70.300003
37.200001
81.800003
4.510000
5.800000
6.800000
11.799999
0.760000
45.799999
54.699997
89.599998
3.720000
22.799999
19.600000
81.099998
4.420000
91.899994
69.000000
7.100000
3.890000
16.500000
18.799999
8.100000
4.050000
32.599998
53.500000
11.100000
4.220000
77.600006
60.300003
65.700005
3.880000
86.899994
55.799999
30.400000
4.570000
81.599998
52.800003
85.000000
2.970000
86.400002
12.500000
17.200001
4.390000
78.800003
44.799999
32.000000
4.690000
5.000000
44.899998
97.399994
1.610000
71.199997
10.599999
39.299999
1.960000
75.000000
98.300003
47.800003
3.310000
20.799999
76.000000
60.000000
1.570000
22.100000
23.599998
70.900002
1.420000
51.199997
1.800000
52.900002
2.930000
33.200001
41.000000
11.500000
4.050000
67.699997
81.000000
66.400002
0.360000
63.000000
13.000000
55.100002
2.070000
51.199997
88.300003
42.600002
0.540000
39.900002
0.600000
89.500000
1.070000
29.300001
42.000000
39.900002
0.420000
44.299999
13.200001
62.900002
4.750000
61.900002
31.199999
81.699997
2.620000
32.900002
71.699997
23.099998
4.610000
77.300003
36.799999
97.799995
1.930000
82.700005
55.700001
67.000000
2.050000
3.000000
62.800003
23.500000
2.580000
38.900002
70.599998
97.900002
3.030000
74.000000
16.799999
0.800000
3.330000
25.000000
48.699997
40.799999
3.490000
53.600002
85.900002
96.099998
1.700000
35.500000
93.199997
24.700001
3.170000
61.700001
94.399994
4.000000
2.670000
63.699997
71.099998
88.800003
2.670000
13.500000
92.600006
52.299999
1.600000
87.000000
2.100000
56.399998
0.850000
92.200005
53.200001
50.300003
1.930000
65.900002
70.500000
60.799999
1.830000
59.799999
10.800000
11.599999
2.570000
74.000000
4.800000
89.899994
2.080000
41.799999
29.900000
48.200001
3.510000
62.399998
62.299999
56.399998
4.140000
35.799999
56.300003
37.000000
3.910000
82.000000
73.300003
29.000000
0.500000
14.700001
51.000000
6.800000
0.480000
51.100002
23.199999
33.099998
0.110000
80.400002
45.400002
76.099998
2.350000
10.900001
89.799995
67.099998
1.860000
58.099998
67.000000
78.099998
4.100000
38.200001
16.000000
48.500000
0.950000
43.000000
53.699997
44.200001
1.470000
78.000000
19.400002
48.800003
3.170000
91.899994
57.299999
27.000000
4.060000
68.400002
9.300000
10.299999
2.940000
87.700005
76.099998
27.799999
3.910000
12.500000
62.000000
53.099998
0.290000
70.700005
23.199999
6.100000
1.890000
7.100000
3.000000
71.300003
3.800000
27.600000
31.500000
78.699997
4.960000
6.100000
12.600000
76.099998
3.220000
67.000000
13.300000
52.600002
4.380000
8.900000
94.599998
25.799999
3.120000
41.300003
83.300003
64.199997
2.750000
27.700001
46.000000
92.900002
2.390000
79.699997
90.000000
56.300003
2.930000
41.300003
4.400000
32.000000
4.640000
48.600002
57.299999
9.200000
3.780000
80.200005
29.700001
66.799995
0.230000
97.000000
7.500000
63.200001
1.920000
26.000000
22.299999
8.100000
3.680000
73.500000
94.899994
46.500000
0.160000
35.400002
50.200001
5.900000
4.350000
78.500000
79.199997
63.899998
3.080000
42.800003
5.800000
7.100000
2.540000
5.400000
45.400002
37.099998
0.120000
44.000000
57.900002
78.000000
4.040000
38.000000
49.099998
23.400000
3.890000
70.500000
99.899994
87.099998
2.850000
56.599998
12.300000
21.400002
3.190000
44.200001
66.900002
13.400001
4.600000
79.800003
70.700005
49.299999
4.900000
17.100000
82.700005
53.299999
2.900000
70.000000
78.400002
54.299999
2.770000
97.799995
94.599998
94.399994
1.680000
59.899998
94.099998
62.399998
4.170000
55.500000
64.899994
40.599998
1.120000
56.000000
51.700001
20.500000
4.480000
19.199999
19.299999
84.300003
4.760000
89.899994
70.599998
70.900002
3.610000
79.199997
61.900002
96.300003
1.300000
27.500000
11.900001
11.300000
4.370000
44.699997
41.599998
42.900002
3.400000
51.799999
19.400002
67.600006
2.400000
44.500000
13.000000
95.000000
0.160000
56.700001
82.399994
66.199997
2.450000
55.300003
41.199997
9.400000
3.710000
54.599998
26.500000
98.400002
4.240000
20.500000
7.300000
89.399994
4.530000
36.300003
75.900002
23.099998
1.130000
71.400002
64.599998
31.500000
2.660000
96.199997
96.500000
91.199997
0.900000
83.900002
76.500000
51.300003
3.880000
36.900002
41.199997
39.599998
3.340000
3.600000
76.599998
81.000000
0.530000
66.400002
86.300003
66.099998
4.480000
42.299999
19.799999
81.300003
3.600000
94.599998
88.000000
89.899994
4.120000
67.399994
33.200001
63.000000
4.190000
42.000000
43.200001
70.300003
1.780000
49.899998
44.899998
38.099998
3.400000
41.300003
59.299999
59.599998
1.920000
18.900000
0.500000
92.399994
4.560000
84.000000
65.000000
13.900000
0.740000
95.800003
51.399998
1.100000
3.710000
93.400002
72.099998
22.799999
2.030000
5.300000
27.700001
15.100000
3.900000
58.099998
51.799999
79.699997
2.790000
1.500000
91.899994
79.500000
1.050000
81.300003
68.099998
56.700001
2.840000
12.200001
45.400002
32.000000
1.240000
59.299999
25.400000
25.599998
0.200000
41.799999
70.700005
20.699999
3.360000
90.900002
40.300003
71.599998
4.340000
61.100002
12.200001
66.799995
3.860000
6.000000
81.699997
79.699997
4.450000
48.299999
95.699997
74.000000
3.420000
40.700001
93.000000
72.900002
0.390000
77.300003
7.100000
16.299999
4.410000
37.400002
77.199997
16.799999
0.670000
71.099998
97.900002
65.900002
0.180000
17.400000
78.699997
70.599998
2.190000
66.900002
34.700001
18.799999
4.480000
87.799995
39.799999
94.700005
4.950000
35.400002
24.100000
68.800003
3.260000
90.900002
6.500000
88.100006
0.590000
84.799995
12.300000
56.900002
2.940000
56.599998
50.500000
15.000000
4.760000
3.800000
16.100000
57.500000
1.100000
90.900002
20.000000
18.600000
3.470000
84.899994
74.500000
73.000000
0.280000
77.699997
53.600002
7.500000
0.250000
85.200005
49.699997
64.800003
0.560000
75.300003
22.700001
40.599998
3.170000
88.400002
18.900000
19.400002
4.050000
21.600000
70.199997
11.700000
4.760000
17.100000
40.100002
70.800003
2.190000
27.700001
18.000000
73.400002
4.800000
60.100002
47.099998
79.599998
0.100000
37.500000
24.000000
39.400002
1.010000
76.000000
55.300003
32.000000
0.560000
77.900002
34.900002
60.100002
1.590000
71.400002
21.300001
65.000000
1.110000
56.700001
60.799999
83.800003
4.670000
91.199997
20.900000
50.000000
0.770000
31.900002
47.000000
30.000000
4.460000
87.900002
26.000000
36.799999
1.880000
54.400002
20.100000
49.200001
4.590000
69.299995
7.400000
68.099998
3.700000
28.400000
24.799999
34.200001
3.080000
73.599998
71.799995
55.700001
2.760000
79.500000
61.799999
19.299999
2.230000
62.299999
87.799995
66.699997
0.400000
53.400002
2.000000
22.000000
4.530000
99.500000
42.000000
44.400002
1.900000
49.500000
84.300003
7.300000
4.080000
76.699997
3.900000
65.900002
3.590000
70.500000
0.700000
89.000000
2.490000
11.700000
32.599998
75.700005
1.830000
0.400000
92.200005
71.099998
0.940000
50.100002
86.400002
14.400001
3.860000
35.299999
25.100000
94.300003
3.740000
29.200001
36.199997
76.599998
2.610000
69.899994
26.600000
69.199997
4.320000
19.500000
79.400002
72.500000
3.150000
20.100000
12.300000
61.700001
0.430000
38.099998
23.699999
63.200001
3.350000
44.000000
59.200001
23.599998
4.920000
77.300003
87.299995
40.900002
0.090000
87.299995
52.700001
76.599998
4.580000
41.900002
80.900002
3.100000
2.610000
2.400000
84.000000
28.299999
1.820000
75.000000
72.900002
30.100000
1.440000
33.699997
9.000000
27.600000
1.270000
55.900002
95.900002
24.900000
2.630000
33.299999
70.300003
79.199997
1.060000
70.100006
77.399994
36.099998
0.330000
12.000000
68.300003
36.700001
1.240000
58.000000
84.799995
21.199999
1.810000
47.900002
7.800000
63.000000
1.860000
24.000000
13.099999
56.000000
4.800000
60.500000
61.300003
20.799999
1.050000
77.000000
63.400002
69.400002
0.100000
31.800001
53.500000
45.400002
0.010000
90.400002
95.200005
44.200001
3.980000
58.600002
29.100000
27.600000
4.640000
1.800000
14.500000
2.900000
1.310000
59.000000
76.500000
42.600002
4.380000
50.799999
7.200000
21.400002
2.710000
42.900002
7.200000
65.900002
2.550000
17.100000
18.400000
5.800000
2.510000
22.500000
57.600002
20.900000
0.070000
24.000000
95.400002
57.500000
4.690000
62.900002
59.899998
66.699997
3.430000
6.800000
93.900002
15.599999
1.430000
22.500000
9.000000
68.599998
0.050000
75.300003
72.300003
13.200001
1.950000
43.099998
84.899994
46.199997
4.290000
48.200001
69.500000
38.900002
1.790000
2.200000
52.000000
89.399994
2.310000
19.199999
84.300003
16.799999
0.280000
60.000000
6.300000
82.399994
1.940000
9.800000
30.699999
54.299999
3.720000
24.500000
51.599998
80.200005
1.300000
68.000000
9.599999
99.500000
4.500000
63.200001
26.700001
83.100006
0.400000
72.099998
50.200001
1.000000
1.050000
40.100002
26.900002
72.300003
0.460000
