20.500000
224.499985
164.000000
4.480000
75.000000
354.500000
233.500000
3.000000
467.999969
220.000000
350.000000
0.890000
129.000000
405.499969
476.000031
4.910000
496.500000
465.500031
411.499969
4.260000
179.500000
295.000000
449.500000
1.530000
146.000000
185.000000
202.000000
1.790000
349.500000
438.000000
221.000000
1.830000
378.500000
263.500000
434.000000
3.730000
321.000000
136.500000
9.000000
3.750000
337.500000
394.000000
145.500000
2.730000
328.000000
330.000000
63.000000
1.960000
112.500000
431.000000
261.000000
0.890000
315.000000
362.500000
8.500000
3.340000
357.500000
366.000000
251.000000
2.770000
152.000000
16.000000
84.000000
3.390000
144.000000
38.000000
15.500000
4.250000
122.500000
313.000000
209.500000
2.580000
437.500000
361.500000
173.000000
3.200000
496.000000
35.000000
184.500000
0.410000
305.000000
305.500000
30.000002
4.150000
369.000000
414.500000
481.000000
3.620000
459.000000
141.000000
464.000000
3.750000
301.000000
156.000000
266.000000
4.960000
51.000000
40.000000
453.500000
0.080000
414.500000
42.000000
317.500000
0.990000
341.000000
460.500000
482.000031
3.020000
321.000000
182.000000
8.000000
1.880000
448.999969
26.499998
132.000000
3.180000
375.500000
279.000000
46.000000
4.800000
481.500000
138.500000
76.000000
0.990000
166.500000
371.500000
316.000000
0.430000
13.500001
20.000000
161.500000
1.480000
462.500000
351.500000
476.500000
4.240000
38.000000
80.500000
494.999969
3.150000
221.000000
137.500000
363.000000
3.630000
465.500031
450.500000
88.500000
2.390000
98.500000
285.000000
208.000000
3.970000
239.500000
8.500000
198.500000
1.100000
450.000000
279.500000
372.000000
1.520000
196.500000
176.500000
298.500000
4.970000
263.500000
238.500000
284.000000
0.330000
299.500000
163.000000
140.500000
2.750000
182.500000
4.500000
296.000000
4.740000
160.500000
88.000000
324.500000
4.360000
136.500000
365.000000
26.499998
4.960000
196.000000
455.499969
446.999969
2.810000
54.500000
233.500000
362.500000
3.640000
312.000000
230.500000
395.000000
4.170000
148.000000
305.500000
395.500000
4.960000
147.500000
304.500000
458.500000
4.170000
290.000000
122.000000
251.500015
4.940000
388.000000
136.500000
109.000000
4.870000
419.500031
288.500000
487.500000
1.370000
96.000000
232.500000
45.000000
3.150000
246.499985
293.000000
142.500000
4.850000
220.500000
87.500000
222.499985
1.050000
280.000000
388.500000
392.000000
2.510000
285.000000
389.000000
491.000000
1.030000
226.000000
299.500000
260.000000
2.680000
16.000000
77.500000
86.000000
0.980000
475.500000
92.500000
398.000000
3.430000
68.500000
250.000000
93.000000
1.290000
124.000000
17.500000
154.000000
1.010000
168.000000
441.000000
428.500000
3.770000
419.999969
61.000000
410.500000
4.140000
430.000031
483.500000
156.000000
1.140000
5.500000
347.000000
277.000000
4.200000
432.499969
182.500000
35.000000
1.910000
299.000000
254.000000
491.500000
3.160000
421.999969
337.000000
194.000000
2.700000
120.000008
203.500015
498.999969
0.640000
79.000000
137.500000
30.500000
3.640000
294.500000
367.000000
411.499969
3.710000
82.500000
76.000000
348.000000
1.550000
478.500000
149.000000
183.000000
1.350000
202.000000
272.500000
215.500000
0.160000
217.000000
251.500015
57.500000
0.240000
348.500000
375.000000
61.500000
3.990000
131.500000
485.500000
335.500000
0.040000
263.500000
209.999985
423.500000
4.240000
96.500000
86.000000
147.000000
3.760000
129.000000
44.500000
232.000000
2.500000
221.499985
354.500000
48.000000
1.780000
142.500000
325.500000
390.500000
2.390000
154.500000
165.500000
77.000000
0.130000
456.000000
399.000000
415.500031
4.040000
154.500000
364.500000
146.500000
0.190000
311.500000
477.500000
240.500000
1.360000
86.500000
101.000000
61.000000
1.570000
265.000000
215.000015
81.000000
4.460000
16.000000
319.000000
133.000000
3.870000
117.999992
2.000000
64.000000
4.520000
370.500000
314.500000
86.500000
2.970000
234.999985
497.500000
83.000000
4.910000
384.500000
448.000000
470.500000
3.770000
96.000000
311.000000
225.500015
4.060000
152.500000
399.500000
152.500000
3.230000
174.000000
69.500000
411.000000
0.140000
240.000015
134.500000
255.500000
1.610000
378.000000
119.000008
381.000000
1.630000
87.500000
486.000000
49.500000
4.640000
92.000000
310.000000
399.000000
0.910000
248.499985
311.500000
271.000000
4.210000
6.000000
471.500000
24.000000
1.530000
486.499969
202.500015
244.000000
0.380000
351.500000
9.000000
242.000000
1.420000
102.500000
127.500000
25.500000
3.850000
84.000000
176.000000
195.500000
4.130000
128.000000
70.500000
117.499992
2.720000
346.000000
367.500000
439.000000
1.580000
139.000000
269.000000
70.000000
1.670000
346.500000
301.500000
496.000000
1.210000
275.000000
336.500000
318.000000
2.500000
177.000000
222.000000
337.000000
0.480000
414.000000
229.500000
8.500000
4.080000
49.000000
64.500000
399.000000
0.510000
14.500000
462.500000
0.500000
2.480000
69.000000
147.500000
283.500000
1.670000
15.500000
368.000000
78.500000
0.990000
437.500000
34.500000
268.000000
4.810000
274.000000
230.000000
311.500000
0.760000
312.000000
448.500000
199.000000
4.640000
448.000000
473.999969
61.500000
0.470000
367.000000
124.000000
92.500000
4.610000
131.500000
126.000000
98.000000
1.000000
12.500000
153.000000
491.500000
2.100000
202.500015
261.000000
66.000000
4.780000
380.500000
455.000031
79.000000
2.200000
467.999969
415.500031
322.000000
3.020000
435.000000
348.000000
469.999969
0.430000
178.500000
497.500000
233.000000
1.980000
16.000000
216.500000
150.500000
2.350000
169.000000
161.000000
235.500000
0.980000
46.000000
436.499969
391.000000
3.050000
223.000000
203.000000
490.500031
3.300000
193.000000
267.000000
40.000000
1.470000
411.499969
162.000000
33.000000
2.920000
402.500000
235.500000
268.000000
1.700000
312.500000
174.000000
259.000000
3.310000
154.000000
124.000000
423.000000
3.030000
442.000000
4.500000
294.000000
0.920000
352.500000
339.000000
287.000000
4.940000
199.500000
52.499996
102.500000
0.560000
276.500000
462.000000
137.000000
2.960000
20.500000
473.000000
290.500000
1.750000
324.000000
478.000031
218.000000
3.410000
255.000000
480.499969
302.500000
4.790000
455.499969
312.000000
28.500000
3.030000
335.500000
463.000000
110.500000
0.980000
365.500000
252.500015
359.500000
1.350000
219.000000
404.000000
109.000000
3.350000
312.500000
451.500000
95.000000
2.200000
413.500031
190.500000
128.500000
1.560000
90.500000
361.000000
318.000000
4.820000
275.500000
496.000000
83.000000
1.540000
478.000031
269.000000
433.000000
3.000000
199.500000
312.500000
417.999969
3.060000
64.500000
225.500015
292.000000
3.160000
202.000000
323.000000
375.500000
4.070000
134.000000
330.500000
15.000001
2.950000
437.500000
26.000000
403.000031
1.090000
8.000000
459.000000
42.000000
1.340000
78.000000
404.000000
10.000000
4.360000
328.500000
35.500000
239.000015
0.840000
482.499969
65.000000
167.000000
2.760000
316.500000
357.000000
11.000000
2.360000
167.500000
375.500000
90.500000
0.900000
119.500008
84.500000
237.500000
3.220000
376.000000
294.000000
131.500000
4.860000
266.000000
263.500000
268.000000
0.640000
230.500000
256.000000
51.500000
1.780000
393.000000
72.500000
290.500000
0.650000
97.500000
337.500000
102.500000
4.450000
399.500000
298.000000
184.500000
2.280000
334.000000
201.000000
500.000000
0.760000
32.500000
384.000000
241.500000
4.210000
140.500000
412.000000
286.000000
0.020000
100.000000
320.500000
350.500000
3.590000
0.500000
74.500000
231.000000
2.040000
76.000000
258.500000
306.000000
3.720000
292.000000
349.000000
393.500000
2.140000
375.000000
90.000000
485.500000
0.360000
151.500000
205.500000
38.500000
2.250000
285.500000
317.500000
484.499969
3.290000
445.500000
32.000000
262.000000
1.550000
264.500000
330.000000
384.000000
2.320000
255.500000
486.000000
130.500000
4.130000
431.500000
261.000000
111.000000
4.580000
145.000000
421.500000
296.000000
2.670000
55.500000
224.000000
62.500000
0.370000
271.000000
367.000000
436.000000
0.690000
204.500000
262.000000
294.500000
4.160000
0.500000
280.000000
14.000000
0.000000
161.000000
43.000000
470.500000
1.120000
193.500000
218.500000
22.000000
1.720000
293.500000
165.500000
304.000000
4.970000
100.000000
378.500000
462.500000
3.470000
66.000000
345.000000
471.000000
3.180000
204.500000
297.500000
374.000000
0.130000
266.000000
381.500000
8.500000
1.620000
85.000000
15.500000
421.999969
0.780000
106.500008
366.500000
452.000000
3.530000
112.500000
371.000000
469.999969
4.260000
147.500000
347.000000
193.000000
4.840000
167.500000
485.500000
263.500000
4.780000
283.000000
253.000000
473.500000
2.960000
33.500000
448.000000
63.000000
1.340000
463.500031
23.500000
203.000000
0.770000
73.500000
202.500015
186.000000
1.920000
303.000000
391.500000
178.000000
0.330000
274.500000
10.000000
361.000000
0.830000
392.000000
494.500031
124.000000
1.390000
456.500000
404.000000
231.000000
3.530000
497.500000
65.000000
105.999992
3.060000
305.500000
4.500000
302.500000
1.780000
335.500000
324.500000
328.500000
0.910000
441.500000
171.500000
197.500000
4.260000
497.500000
127.500000
105.499992
4.440000
143.500000
309.000000
138.500000
2.280000
74.000000
56.500000
152.500000
2.050000
41.000000
2.000000
85.500000
0.380000
148.500000
421.000000
13.000000
1.070000
165.000000
124.500000
446.000000
1.690000
307.000000
441.500000
444.000000
0.540000
230.500000
462.000000
140.500000
1.260000
322.000000
109.000000
198.500000
4.100000
414.000000
175.000000
437.500000
2.190000
494.999969
298.500000
473.999969
4.440000
462.000000
386.000000
239.000015
3.680000
326.500000
144.000000
346.000000
0.780000
355.000000
466.500000
9.000000
3.980000
215.000015
114.000000
248.000000
4.420000
478.000031
243.500000
257.000000
2.190000
456.500000
420.500000
29.000000
1.710000
479.000000
119.000008
51.000000
1.830000
265.500000
404.000000
156.000000
0.330000
91.000000
129.500000
27.000002
4.510000
34.500000
345.000000
230.000000
2.250000
186.000000
393.000000
463.000000
0.280000
48.500000
339.000000
46.500000
3.470000
25.000000
394.000000
477.000000
0.960000
463.500031
330.500000
43.500000
4.890000
464.500000
387.500000
361.000000
3.210000
14.000000
79.500000
377.000000
1.860000
33.000000
442.000000
476.500000
0.690000
161.000000
422.500000
63.500000
2.670000
68.000000
402.500000
333.500000
0.980000
311.000000
298.000000
153.000000
1.840000
341.000000
25.000000
52.999996
2.250000
320.500000
263.500000
326.500000
3.490000
196.000000
198.500000
409.000000
3.030000
254.500000
349.500000
319.000000
0.290000
327.000000
472.500000
169.500000
1.750000
7.500000
325.500000
353.500000
0.520000
140.000000
197.500000
442.500031
3.140000
53.500004
459.000000
356.500000
1.990000
197.500000
252.000000
401.000031
2.440000
154.500000
298.500000
438.000000
2.590000
229.000000
5.500000
57.500000
0.770000
45.000000
391.500000
40.000000
0.090000
139.000000
136.000000
483.500000
0.940000
26.499998
160.000000
347.000000
2.480000
242.000000
349.500000
63.000000
0.540000
211.500000
475.500000
349.000000
1.450000
494.500031
25.500000
122.000000
4.650000
110.000000
198.500000
445.500000
3.450000
321.000000
233.000000
229.000000
1.540000
227.500015
303.500000
73.000000
4.990000
72.500000
187.000000
12.000000
4.180000
318.500000
214.500000
298.000000
2.460000
47.000000
401.500000
131.500000
0.710000
135.500000
389.500000
167.000000
4.080000
434.499969
270.000000
143.500000
0.660000
377.000000
279.000000
157.000000
3.610000
193.500000
439.000000
401.500000
3.240000
395.000000
103.000000
222.499985
3.920000
329.000000
114.500000
248.000000
4.190000
265.500000
66.000000
68.500000
1.520000
327.500000
396.000000
169.500000
1.910000
191.000000
61.500000
353.000000
3.930000
83.500000
275.000000
315.000000
1.080000
30.000002
245.500000
255.000000
4.750000
300.000000
254.000000
110.500000
0.450000
452.500000
227.500015
269.000000
4.050000
73.500000
247.000000
268.500000
4.350000
165.000000
446.000000
161.000000
3.050000
451.500000
450.000000
359.000000
3.040000
159.500000
138.500000
190.500000
1.210000
342.000000
68.000000
280.000000
4.100000
58.000000
251.500015
162.000000
4.850000
160.500000
310.500000
318.000000
4.510000
291.500000
269.000000
131.000000
0.710000
71.500000
177.500000
312.000000
1.780000
433.500000
401.500000
184.000000
0.570000
121.500000
313.000000
72.500000
2.820000
471.500000
289.500000
469.999969
2.490000
205.500000
280.000000
401.000031
0.700000
100.000000
209.500000
307.000000
1.040000
26.499998
78.500000
438.500031
0.420000
248.000000
135.000000
338.000000
0.540000
287.000000
74.000000
70.500000
4.330000
165.500000
2.500000
121.000000
3.880000
241.000015
206.000000
372.000000
2.620000
440.000000
264.500000
89.000000
3.410000
240.000015
379.500000
437.000000
3.620000
444.000000
113.500000
228.000000
4.740000
483.000000
397.500000
48.000000
4.970000
278.000000
390.000000
290.000000
1.350000
283.500000
471.500000
163.500000
2.530000
239.500000
5.500000
330.500000
3.930000
207.500000
453.500000
376.500000
4.560000
192.000000
205.500000
453.500000
1.890000
374.000000
204.000000
99.500000
4.280000
157.500000
479.000000
469.999969
2.530000
79.000000
341.000000
178.000000
1.570000
383.000000
252.000000
263.000000
4.130000
222.000000
8.000000
132.500000
1.700000
151.000000
187.000000
277.500000
3.950000
355.500000
482.499969
498.500000
2.470000
105.499992
40.000000
75.000000
3.090000
235.500000
458.500000
160.000000
4.740000
329.000000
477.000000
316.000000
0.190000
331.000000
323.000000
18.500000
4.480000
82.000000
388.000000
406.000000
2.120000
198.500000
428.000031
343.500000
0.770000
342.500000
8.000000
198.500000
0.340000
249.499985
89.000000
104.000000
1.890000
208.500000
146.000000
239.500000
3.330000
51.500000
54.500000
313.500000
0.930000
90.500000
226.500015
427.000000
1.800000
219.000000
123.500000
348.000000
2.540000
308.000000
223.499985
476.000031
2.850000
438.500031
207.000000
86.000000
3.500000
372.500000
351.000000
175.000000
3.790000
287.000000
407.499969
117.499992
0.070000
73.500000
289.500000
74.500000
3.230000
15.000001
139.500000
77.000000
0.360000
459.499969
239.000015
334.500000
4.640000
323.000000
128.000000
103.000000
3.410000
379.000000
132.500000
370.000000
0.930000
233.999985
60.500000
208.000000
3.300000
349.000000
250.000000
426.500000
3.160000
464.000000
440.000000
124.000000
2.050000
293.000000
290.000000
215.000015
1.560000
18.500000
362.000000
393.500000
2.380000
234.999985
208.000000
179.500000
0.110000
289.500000
192.500000
413.000000
3.440000
158.500000
11.000000
460.000000
4.340000
210.500000
408.500000
380.000000
2.320000
395.500000
294.000000
413.000000
3.490000
475.500000
160.500000
161.500000
3.470000
106.500008
386.500000
301.000000
2.340000
318.000000
207.500000
263.000000
1.940000
130.500000
247.000000
110.000000
0.940000
496.999969
407.499969
94.500000
0.680000
396.500000
309.000000
257.000000
3.120000
225.000000
302.500000
431.000000
1.460000
417.500031
490.500031
336.000000
4.100000
381.500000
278.000000
459.499969
4.800000
168.500000
236.999985
449.500000
4.810000
237.500000
266.500000
242.500000
1.810000
112.000000
493.500000
279.500000
3.030000
419.500031
233.000000
391.500000
4.930000
254.500000
393.500000
381.500000
3.660000
98.500000
268.000000
278.500000
4.260000
470.500000
134.000000
36.500000
1.530000
309.500000
238.000015
406.500000
2.140000
385.500000
288.000000
282.500000
1.370000
199.000000
231.500000
79.500000
4.430000
456.000000
31.500000
185.000000
4.550000
469.999969
99.000000
235.500000
4.670000
177.500000
287.500000
91.000000
0.500000
354.500000
299.500000
0.000000
2.040000
22.500000
439.000000
66.000000
1.500000
351.500000
456.500000
213.500000
2.360000
475.000000
403.500000
430.000031
3.760000
222.499985
297.500000
446.999969
0.940000
58.000000
338.000000
94.500000
4.790000
186.500000
276.000000
116.500000
0.100000
494.999969
331.000000
120.500008
3.450000
112.000000
260.000000
363.500000
0.810000
296.000000
39.000000
144.500000
3.970000
331.500000
84.000000
283.000000
0.080000
275.000000
369.000000
496.999969
1.820000
28.500000
496.500000
338.000000
1.270000
363.000000
439.500000
386.500000
0.340000
45.000000
297.500000
83.000000
2.210000
450.000000
253.500015
79.000000
0.450000
90.000000
484.000000
457.000031
2.350000
323.000000
488.000000
71.000000
4.140000
273.000000
245.500000
307.500000
3.570000
434.499969
388.000000
227.000000
3.670000
69.000000
331.500000
41.000000
2.960000
461.499969
415.500031
310.000000
0.000000
117.999992
271.500000
239.000015
1.640000
67.000000
469.500031
80.000000
3.780000
75.000000
40.500000
31.000000
0.110000
255.500000
126.000000
283.000000
0.360000
431.000000
63.000000
303.500000
3.840000
221.499985
85.000000
473.000000
4.630000
363.000000
71.500000
165.000000
3.380000
96.000000
132.500000
490.500031
3.780000
444.000000
175.500000
247.000000
3.730000
389.500000
312.000000
112.000000
1.830000
349.500000
236.500000
157.500000
0.250000
160.000000
214.000015
92.000000
1.270000
127.000000
367.000000
79.500000
3.620000
319.500000
239.000015
226.000000
0.240000
292.500000
428.000031
112.000000
2.540000
158.500000
245.500000
425.500000
3.870000
26.499998
221.499985
91.500000
0.620000
372.000000
403.000031
139.500000
2.290000
498.000000
215.500000
466.000000
0.700000
150.000000
63.000000
182.500000
2.710000
415.000000
487.000000
31.000000
2.350000
458.000000
312.500000
321.000000
3.310000
72.500000
109.500000
371.500000
1.230000
453.500000
326.500000
222.000000
2.720000
468.500000
92.500000
417.500031
3.110000
355.500000
281.500000
265.000000
1.990000
233.500000
123.000000
274.500000
3.050000
90.000000
141.500000
348.500000
0.740000
312.500000
224.000000
82.500000
0.240000
486.000000
55.000000
231.500000
3.730000
119.500008
432.000031
327.500000
2.880000
170.000000
1.000000
492.999969
3.020000
71.000000
208.000000
324.500000
2.710000
94.500000
276.000000
466.000000
2.020000
72.000000
74.000000
196.500000
1.640000
494.999969
335.500000
257.000000
2.590000
39.500000
483.500000
479.000000
4.210000
298.000000
5.500000
305.000000
1.770000
79.500000
444.500031
451.500000
0.730000
45.000000
183.000000
92.000000
2.620000
235.999985
90.000000
204.000000
1.690000
126.500000
399.000000
194.000000
0.730000
159.000000
288.500000
165.000000
2.530000
189.500000
215.500000
81.500000
4.790000
178.000000
405.000031
23.000000
3.790000
72.500000
120.500008
129.000000
1.840000
433.000000
168.500000
140.000000
0.690000
332.500000
203.000000
380.500000
4.650000
197.000000
498.000000
271.000000
0.020000
4.000000
183.500000
174.000000
2.630000
308.000000
89.000000
40.000000
0.510000
488.500031
375.500000
236.500000
2.010000
246.000000
232.500000
208.999985
1.340000
371.500000
41.000000
34.500000
0.570000
256.000000
95.500000
480.499969
2.380000
434.000000
49.000000
326.500000
3.370000
285.500000
26.499998
32.000000
3.390000
195.000000
350.000000
473.999969
2.450000
94.500000
33.500000
370.000000
0.060000
250.000000
460.500000
378.000000
1.220000
123.500000
313.500000
454.500000
0.910000
170.500000
431.500000
356.500000
2.820000
327.500000
484.000000
218.500000
2.140000
33.500000
392.000000
273.000000
1.380000
298.500000
407.499969
448.999969
4.200000
184.000000
270.500000
431.500000
4.190000
29.499998
417.500031
393.500000
1.400000
249.000000
35.000000
167.500000
0.520000
24.500000
231.000000
366.500000
0.290000
227.000000
374.500000
39.000000
3.630000
156.000000
30.500000
188.500000
2.060000
466.500000
323.000000
68.500000
0.410000
234.500000
75.500000
143.500000
3.580000
104.499992
4.000000
495.500000
1.000000
222.000000
372.000000
9.000000
2.410000
10.500000
452.500000
244.000000
2.300000
496.500000
170.500000
347.000000
1.950000
316.500000
138.500000
166.000000
2.340000
83.000000
437.000000
149.000000
0.950000
479.000000
87.500000
38.000000
2.420000
321.500000
336.500000
324.500000
2.360000
4.500000
498.999969
486.000000
0.280000
113.500000
31.500000
204.500000
2.830000
343.000000
116.000000
16.000000
2.150000
316.000000
423.000000
382.500000
4.100000
495.500000
13.000000
296.500000
4.450000
151.000000
136.500000
151.000000
0.270000
336.000000
483.500000
278.000000
1.610000
121.000000
464.000000
96.000000
4.140000
81.500000
283.000000
466.000000
4.690000
377.500000
0.500000
124.500000
0.950000
232.000000
84.500000
2.000000
0.840000
461.499969
380.000000
489.000000
2.610000
469.000000
473.500000
495.500000
0.670000
398.000000
271.500000
333.500000
1.280000
319.500000
228.000000
492.999969
0.380000
292.000000
102.000000
415.000000
3.150000
182.500000
277.500000
3.500000
2.060000
386.500000
354.500000
238.500000
0.890000
285.000000
101.500000
93.000000
1.450000
376.000000
171.500000
136.000000
3.190000
357.000000
281.000000
202.000000
3.990000
296.000000
247.499985
362.500000
4.930000
390.500000
61.000000
496.500000
0.390000
195.000000
365.000000
132.000000
3.430000
303.500000
321.000000
409.499969
1.420000
110.500000
168.500000
72.000000
2.460000
154.000000
65.500000
290.000000
1.140000
101.500000
29.000000
351.500000
4.180000
164.000000
352.000000
97.500000
0.530000
50.500000
414.000000
491.500000
3.870000
393.500000
304.000000
372.500000
4.490000
155.500000
471.000000
53.500004
1.680000
88.500000
304.500000
100.500000
4.050000
355.500000
225.000000
444.500031
3.180000
141.500000
426.000031
364.000000
0.420000
12.500000
289.500000
88.000000
0.610000
177.000000
52.499996
367.500000
3.720000
330.000000
383.500000
133.500000
2.470000
323.500000
403.000031
50.500000
0.700000
362.500000
5.000000
43.500000
0.360000
363.500000
38.500000
268.000000
2.500000
22.000000
440.000000
392.500000
4.260000
67.000000
288.000000
430.499969
3.960000
81.500000
23.000000
355.500000
2.370000
228.000000
5.500000
174.000000
3.130000
137.000000
476.000031
24.500000
0.840000
88.500000
386.000000
229.500000
2.330000
439.500000
25.000000
23.000000
1.600000
439.000000
489.500000
76.000000
4.430000
347.000000
66.500000
218.000000
4.710000
31.000000
308.000000
243.000000
0.660000
482.000031
405.499969
353.500000
2.910000
402.000000
284.500000
187.500000
4.610000
440.000000
11.000000
458.500000
2.850000
114.500000
171.000000
350.000000
1.900000
241.000015
58.000000
338.500000
3.300000
438.000000
306.500000
197.500000
3.780000
397.000000
329.500000
74.500000
4.180000
48.500000
195.500000
429.000000
3.600000
116.999992
81.000000
339.500000
3.470000
330.500000
351.000000
81.500000
0.210000
172.000000
16.000000
285.000000
2.960000
108.500000
229.000000
196.500000
3.140000
88.000000
266.000000
25.000000
0.040000
235.999985
294.000000
45.000000
4.740000
104.499992
86.000000
9.000000
0.090000
284.500000
314.000000
224.499985
4.160000
224.000000
198.000000
260.000000
4.030000
396.500000
484.000000
273.000000
0.160000
232.000000
18.000000
280.500000
2.500000
192.500000
448.500000
221.499985
2.950000
133.000000
383.000000
177.000000
1.130000
387.000000
309.000000
273.000000
2.640000
468.500000
33.000000
291.000000
2.530000
154.000000
446.500000
240.000015
0.830000
373.000000
108.000008
356.000000
2.230000
296.000000
486.000000
154.000000
0.980000
117.499992
14.000000
175.000000
1.390000
239.500000
138.500000
325.500000
4.530000
496.500000
276.500000
208.999985
3.620000
64.500000
495.500000
174.500000
2.090000
86.000000
338.000000
82.500000
1.380000
19.000000
163.000000
459.000000
3.440000
231.000000
164.500000
188.000000
3.500000
475.000000
342.500000
20.500000
3.350000
26.499998
238.500000
226.500015
1.380000
37.000000
29.000000
74.500000
0.220000
260.500000
21.000000
65.000000
2.230000
121.000000
417.000000
18.000000
0.900000
20.500000
168.500000
266.500000
2.160000
226.000000
351.000000
370.500000
4.970000
432.000031
192.000000
244.000000
0.890000
162.500000
327.000000
12.500000
0.170000
254.000000
28.500000
281.000000
2.830000
420.500000
2.500000
116.500000
3.680000
241.500000
323.000000
276.000000
4.470000
294.500000
423.500000
79.500000
2.100000
300.500000
163.000000
386.000000
1.150000
302.000000
420.500000
440.500031
1.590000
442.000000
116.999992
200.500015
2.310000
1.500000
132.000000
408.000000
1.610000
430.000031
457.000031
343.000000
3.890000
342.500000
128.000000
369.000000
0.650000
189.500000
463.000000
297.000000
0.490000
0.500000
50.500000
7.500000
0.940000
287.500000
64.500000
306.000000
1.340000
422.500000
200.500015
141.500000
3.780000
326.000000
235.999985
292.000000
1.250000
20.000000
105.499992
226.500015
1.020000
412.000000
303.000000
5.000000
3.460000
304.000000
127.000000
490.500031
2.250000
85.500000
222.000000
141.000000
1.230000
142.500000
488.500031
60.000004
3.870000
441.000000
350.500000
317.000000
1.460000
280.500000
439.500000
319.000000
1.140000
113.500000
183.000000
309.500000
2.000000
291.000000
412.000000
96.000000
4.950000
128.000000
110.500000
20.000000
4.050000
87.500000
275.500000
380.500000
2.650000
141.500000
486.000000
246.000000
4.300000
68.000000
345.000000
265.000000
4.570000
52.999996
102.500000
266.500000
2.910000
217.500000
305.500000
192.000000
2.530000
35.500000
461.499969
235.500000
0.530000
274.000000
237.500000
284.000000
1.230000
369.500000
264.000000
331.500000
4.980000
227.500015
267.000000
446.500000
3.390000
372.000000
373.500000
372.500000
4.030000
111.500000
18.000000
363.000000
3.970000
15.500000
373.500000
191.500000
4.880000
123.000000
387.000000
88.500000
4.080000
53.500004
43.000000
343.500000
1.550000
340.500000
322.000000
297.500000
4.840000
494.500031
116.500000
438.000000
1.240000
69.000000
450.500000
334.500000
3.140000
286.500000
211.999985
205.500000
0.500000
51.500000
221.000000
365.000000
1.180000
419.500031
215.000015
188.000000
4.200000
403.000031
191.000000
344.000000
3.070000
461.499969
139.000000
97.500000
1.470000
381.000000
322.500000
19.000000
4.050000
458.500000
390.500000
397.500000
0.580000
210.999985
360.000000
301.500000
0.780000
229.000000
94.000000
253.000000
1.480000
286.000000
424.500000
391.000000
3.540000
218.000000
20.000000
407.499969
3.460000
479.000000
13.000000
32.000000
4.990000
18.000000
193.000000
417.000000
0.450000
331.000000
185.000000
306.500000
4.270000
317.000000
44.000000
89.500000
0.430000
32.000000
183.500000
109.500000
1.490000
375.500000
185.000000
50.000000
4.520000
126.500000
416.000000
199.000000
0.580000
434.499969
416.000000
427.500000
4.000000
320.000000
434.499969
235.999985
3.620000
450.500000
122.000000
114.500000
0.350000
379.000000
408.000000
421.000000
0.150000
457.499969
374.500000
54.500000
1.970000
326.500000
161.500000
159.000000
4.600000
367.500000
150.500000
484.499969
0.750000
168.000000
35.000000
24.000000
4.140000
56.500000
132.500000
412.000000
1.810000
280.000000
354.000000
12.000000
4.890000
448.000000
77.500000
358.000000
1.750000
260.000000
9.500000
467.999969
0.650000
100.500000
45.500000
419.500031
3.070000
404.500000
321.500000
195.500000
1.650000
313.000000
129.000000
337.500000
3.190000
20.000000
380.000000
239.000015
2.160000
435.500000
269.500000
289.500000
1.650000
127.000000
59.500004
57.000000
3.990000
34.500000
182.000000
74.500000
1.950000
225.500015
461.000000
58.499996
1.840000
197.500000
326.500000
338.000000
0.320000
359.000000
478.000031
336.500000
4.460000
417.000000
493.500000
215.000015
0.450000
342.000000
496.500000
61.000000
4.890000
490.000000
131.500000
471.000000
1.990000
410.500000
25.500000
309.500000
1.330000
333.500000
59.500004
414.000000
4.960000
441.500000
119.500008
311.000000
4.020000
32.000000
456.000000
420.500000
2.060000
299.000000
262.000000
471.500000
2.040000
350.000000
219.500000
44.000000
1.930000
409.000000
218.000000
111.000000
2.750000
104.000000
157.000000
131.000000
0.970000
431.500000
11.500000
79.000000
3.490000
298.500000
39.500000
448.999969
3.490000
458.500000
29.000000
185.500000
4.790000
89.500000
41.000000
201.500015
2.340000
381.000000
196.000000
333.500000
2.570000
352.000000
388.000000
412.500000
3.700000
310.500000
33.500000
353.500000
1.400000
261.000000
490.500031
32.000000
4.550000
303.000000
197.000000
287.500000
3.340000
115.000000
320.000000
45.000000
4.020000
240.500000
21.000000
180.000000
0.840000
218.000000
294.000000
404.500000
2.900000
144.000000
485.000000
161.500000
0.510000
391.500000
314.000000
228.500015
2.610000
387.000000
116.000000
23.000000
4.710000
408.500000
276.000000
493.500000
4.270000
391.000000
314.500000
492.000000
2.890000
37.000000
466.500000
24.500000
4.730000
402.000000
345.500000
371.000000
0.200000
333.000000
395.000000
179.500000
1.220000
412.000000
121.500000
69.500000
0.570000
169.500000
284.500000
93.000000
1.130000
25.000000
293.500000
464.500000
3.750000
328.000000
366.000000
494.000000
3.550000
473.999969
117.499992
360.000000
3.440000
49.000000
251.000000
500.000000
0.490000
470.500000
39.000000
237.500000
4.090000
213.000015
394.500000
498.500000
3.520000
420.500000
19.500000
43.000000
4.560000
188.500000
322.000000
265.000000
3.590000
130.000000
312.000000
130.000000
4.860000
266.000000
375.500000
232.000000
4.390000
348.500000
45.000000
432.499969
4.470000
467.999969
182.000000
274.000000
4.930000
226.500015
192.000000
235.999985
4.870000
206.000000
181.500000
124.000000
3.670000
289.500000
10.000000
178.000000
4.610000
80.000000
317.000000
459.000000
4.920000
254.500000
104.000000
244.500000
2.530000
435.000000
363.500000
303.000000
4.560000
357.000000
323.000000
257.000000
2.690000
76.000000
268.000000
340.500000
0.370000
129.000000
180.500000
328.000000
1.200000
21.000000
144.500000
11.500000
3.320000
187.500000
213.500000
75.500000
4.060000
411.000000
366.500000
446.500000
0.800000
366.000000
123.000000
375.500000
0.560000
145.000000
152.000000
20.000000
4.600000
226.500015
96.000000
356.500000
3.030000
489.500000
224.000000
116.999992
3.860000
390.000000
301.000000
349.500000
4.980000
172.500000
144.500000
305.000000
0.830000
166.500000
300.000000
78.500000
2.390000
478.000031
67.500000
423.999969
1.640000
317.000000
376.000000
494.000000
1.880000
39.500000
272.000000
225.500015
3.670000
466.500000
430.000031
393.000000
3.610000
187.000000
132.000000
211.500000
1.140000
266.000000
269.000000
245.000000
4.210000
432.499969
144.000000
72.500000
4.280000
58.999996
229.000000
35.000000
3.380000
412.000000
490.000000
146.500000
0.580000
138.000000
287.000000
414.500000
0.690000
227.500015
487.500000
215.000015
2.760000
234.999985
176.000000
137.000000
3.840000
82.500000
46.500000
157.500000
3.750000
297.000000
220.000000
465.500031
3.240000
10.500000
210.999985
441.000000
4.460000
482.000031
246.000000
271.500000
3.030000
441.000000
171.000000
190.000000
3.460000
112.500000
70.000000
326.500000
0.360000
151.000000
432.499969
342.000000
1.450000
236.999985
107.000008
366.000000
2.260000
322.000000
22.500000
44.500000
0.830000
142.000000
312.500000
202.000000
0.530000
82.000000
280.000000
359.000000
4.860000
331.000000
148.000000
382.500000
3.510000
494.000000
285.000000
291.500000
4.810000
306.000000
357.500000
190.000000
0.570000
350.000000
446.500000
120.500008
4.160000
297.500000
45.500000
229.000000
1.710000
147.000000
187.500000
418.500000
4.360000
405.000031
284.500000
388.000000
2.900000
419.999969
124.000000
67.000000
2.700000
21.000000
153.500000
73.000000
2.210000
230.500000
208.999985
274.500000
1.970000
196.000000
333.000000
175.000000
0.090000
329.500000
134.000000
152.000000
1.970000
419.000000
103.000000
487.000000
1.180000
236.999985
436.000000
484.000000
3.940000
440.000000
266.000000
227.500015
2.220000
261.500000
386.500000
129.500000
0.960000
248.000000
266.500000
157.500000
0.820000
10.500000
58.499996
123.000000
0.880000
413.000000
336.000000
225.000000
4.060000
61.000000
41.500000
462.500000
1.640000
255.000000
45.500000
271.000000
1.900000
398.000000
234.500000
135.500000
1.970000
251.500015
306.500000
135.500000
1.670000
178.500000
311.500000
402.000000
2.290000
356.500000
411.000000
87.000000
0.120000
57.000000
183.000000
143.000000
4.330000
100.000000
257.500000
390.500000
1.680000
348.500000
349.500000
2.000000
3.760000
343.500000
322.500000
88.500000
4.380000
372.500000
183.500000
460.000000
3.500000
23.500000
373.500000
299.000000
4.670000
473.500000
115.500000
63.000000
1.040000
105.999992
430.499969
56.000000
0.220000
397.000000
169.000000
66.000000
0.700000
186.000000
276.000000
227.500015
1.480000
462.500000
207.000000
413.000000
2.530000
267.000000
304.000000
452.500000
4.220000
0.500000
90.500000
97.500000
2.310000
427.000000
120.500008
145.000000
2.790000
382.500000
251.000000
216.500000
4.390000
272.500000
323.500000
130.500000
4.380000
183.000000
308.500000
313.500000
4.170000
11.000000
489.500000
403.000031
2.200000
269.000000
368.500000
392.000000
2.920000
127.500000
13.500001
350.500000
4.400000
220.000000
262.500000
116.999992
4.980000
75.000000
222.499985
77.500000
2.870000
140.000000
37.500000
154.500000
0.060000
149.500000
37.500000
487.000000
0.120000
5.500000
26.000000
363.500000
2.620000
302.000000
415.000000
220.500000
3.740000
338.000000
455.499969
328.000000
3.610000
308.000000
161.500000
43.500000
2.970000
302.500000
477.500000
275.500000
1.650000
336.000000
275.000000
405.000031
3.960000
46.000000
134.500000
361.000000
3.670000
209.500000
146.500000
71.000000
4.170000
185.500000
86.000000
252.000000
3.630000
197.000000
490.000000
329.000000
2.280000
99.500000
296.500000
402.000000
2.020000
339.000000
478.500000
2.500000
2.280000
352.000000
116.500000
387.000000
1.370000
224.499985
56.500000
409.499969
3.320000
133.000000
437.000000
479.000000
4.470000
308.500000
436.000000
174.000000
2.450000
7.000000
120.000008
440.500031
3.510000
487.000000
439.000000
147.000000
1.140000
421.500000
219.500000
249.000000
1.230000
167.500000
379.500000
102.500000
4.880000
71.000000
298.000000
457.000031
4.760000
436.000000
1.500000
249.000000
0.440000
265.000000
73.500000
105.499992
2.380000
452.500000
450.500000
93.000000
4.150000
91.000000
98.500000
343.500000
4.320000
109.500000
37.000000
202.500015
1.980000
33.000000
289.500000
429.500000
1.100000
492.000000
67.500000
327.000000
0.560000
260.000000
109.500000
414.000000
2.220000
284.500000
464.000000
322.500000
3.990000
7.000000
147.000000
398.000000
2.150000
61.000000
287.000000
498.000000
0.620000
388.000000
492.999969
170.000000
0.780000
152.500000
349.000000
162.000000
2.570000
498.000000
145.000000
297.000000
4.210000
189.000000
165.500000
32.500000
0.300000
419.500031
8.000000
245.500000
3.860000
132.000000
216.000015
166.000000
2.940000
421.000000
494.999969
435.000000
3.190000
205.000000
225.500015
432.499969
4.480000
213.000015
112.000000
318.500000
1.350000
251.000000
92.500000
404.000000
3.940000
343.500000
189.000000
291.000000
4.780000
20.500000
82.500000
318.000000
0.290000
15.500000
53.500004
261.000000
3.510000
489.000000
451.500000
294.500000
1.370000
134.000000
56.000000
355.000000
3.630000
469.999969
438.000000
314.500000
4.540000
449.500000
2.000000
479.500000
2.270000
423.999969
435.000000
208.999985
1.330000
300.000000
164.500000
12.000000
4.850000
162.500000
413.000000
22.500000
3.970000
114.000000
277.000000
430.000031
3.730000
147.000000
17.000000
358.500000
2.650000
374.000000
8.500000
486.000000
1.300000
356.000000
410.500000
38.000000
1.810000
209.999985
444.999969
430.499969
2.430000
206.000000
434.000000
100.000000
3.220000
459.000000
48.500000
383.500000
2.090000
307.500000
140.000000
125.500000
1.990000
111.500000
445.500000
308.000000
1.770000
283.500000
78.000000
487.000000
4.390000
68.000000
498.999969
345.000000
4.790000
13.500001
419.000000
268.000000
2.610000
177.500000
323.500000
109.000000
2.420000
446.000000
331.000000
443.500000
0.310000
112.500000
291.500000
119.000008
1.960000
62.500000
197.500000
211.999985
1.220000
3.500000
60.000004
481.000000
3.620000
121.000000
321.000000
446.500000
3.360000
6.500000
42.500000
242.000000
4.380000
242.000000
392.500000
146.000000
3.350000
396.000000
494.500031
144.000000
3.610000
242.500000
22.500000
274.000000
2.470000
152.500000
76.500000
22.500000
1.600000
419.500031
408.500000
111.500000
3.720000
119.500008
228.500015
251.000000
0.990000
32.500000
116.500000
112.500000
3.570000
48.000000
126.000000
178.000000
4.090000
121.500000
76.500000
319.000000
4.730000
110.000000
49.000000
353.000000
4.050000
344.000000
89.500000
72.500000
2.850000
169.500000
458.500000
55.500000
4.880000
47.500000
412.500000
290.500000
3.800000
253.000000
394.000000
318.500000
3.290000
408.500000
359.500000
367.000000
2.230000
282.000000
472.500000
342.000000
4.660000
383.000000
109.000000
308.000000
1.700000
164.000000
446.999969
110.500000
0.540000
46.000000
136.000000
224.499985
1.750000
485.500000
195.000000
238.500000
2.370000
238.500000
372.500000
191.000000
0.980000
31.000000
134.500000
469.500031
0.660000
51.000000
258.500000
332.500000
2.850000
129.500000
274.000000
481.500000
1.490000
38.000000
310.000000
375.000000
3.370000
366.000000
486.499969
217.500000
1.600000
28.500000
449.500000
355.000000
2.780000
255.000000
46.500000
413.500031
2.420000
460.500000
266.500000
27.500000
3.010000
444.999969
366.000000
282.000000
4.980000
282.000000
47.000000
374.000000
1.030000
479.000000
460.500000
268.500000
2.780000
116.000000
51.500000
24.000000
4.060000
357.500000
333.500000
31.000000
0.390000
386.000000
104.000000
199.500000
1.670000
466.500000
376.500000
347.500000
4.010000
199.500000
465.000000
226.000000
4.850000
419.500031
240.500000
158.500000
1.800000
336.000000
10.500000
492.500031
3.710000
182.500000
328.500000
65.000000
3.430000
60.000004
229.500000
264.500000
4.380000
114.000000
492.999969
363.500000
2.890000
228.000000
95.000000
498.500000
2.480000
469.999969
386.000000
497.500000
1.880000
223.000000
152.000000
114.500000
4.650000
243.500000
381.000000
292.000000
0.470000
332.000000
485.500000
168.000000
0.970000
60.000004
14.000000
292.000000
3.010000
330.000000
423.000000
480.000031
2.070000
473.500000
338.500000
319.500000
1.770000
212.500000
336.500000
233.500000
1.360000
419.999969
277.500000
113.500000
1.530000
316.500000
37.500000
498.999969
2.830000
407.499969
410.500000
331.000000
0.940000
436.000000
329.500000
386.000000
1.140000
263.000000
257.000000
425.000000
2.820000
299.500000
366.000000
28.500000
3.190000
341.000000
479.000000
297.000000
2.370000
249.000000
397.000000
25.500000
3.760000
231.000000
224.499985
32.000000
1.120000
45.500000
13.500001
189.000000
2.990000
365.500000
158.000000
452.000000
4.990000
463.500031
87.500000
239.000015
1.780000
173.500000
296.500000
131.000000
3.950000
492.500031
213.000015
41.500000
0.910000
353.500000
494.000000
413.000000
2.790000
161.500000
162.500000
207.000000
2.360000
356.000000
3.500000
250.500015
2.540000
24.000000
392.000000
238.500000
0.980000
303.000000
455.499969
417.500031
4.070000
113.500000
90.000000
92.500000
4.620000
241.500000
78.500000
2.500000
0.150000
317.000000
301.500000
494.500031
1.740000
348.500000
434.499969
444.000000
2.860000
55.000000
40.500000
12.500000
4.000000
140.000000
260.000000
323.000000
3.420000
352.000000
7.500000
205.500000
3.820000
473.999969
470.500000
417.000000
2.320000
133.000000
87.000000
288.000000
2.650000
148.500000
50.500000
321.500000
4.870000
360.000000
492.500031
263.500000
2.250000
260.500000
484.499969
358.000000
4.100000
184.500000
359.500000
154.000000
3.810000
99.000000
345.000000
258.000000
3.120000
205.000000
12.000000
125.000000
4.820000
230.000000
372.500000
62.500000
1.650000
417.500031
248.000000
39.500000
2.100000
41.000000
129.000000
426.000031
1.330000
92.500000
331.000000
70.500000
1.410000
491.000000
401.500000
414.000000
4.750000
454.500000
131.000000
482.000031
2.040000
113.000000
109.000000
225.500015
3.640000
115.500000
211.500000
38.000000
3.450000
153.000000
170.000000
291.000000
2.690000
379.500000
398.500000
436.499969
2.370000
398.500000
335.500000
80.500000
3.430000
269.000000
16.000000
144.000000
1.240000
272.500000
76.000000
91.000000
0.820000
417.500031
21.500000
322.500000
4.280000
394.500000
140.500000
217.500000
4.780000
293.000000
199.000000
492.000000
2.400000
261.500000
473.999969
330.000000
0.760000
345.500000
179.000000
307.000000
3.070000
165.000000
294.500000
240.000015
4.830000
55.500000
168.500000
217.500000
4.130000
437.500000
238.000015
397.000000
1.940000
41.000000
118.499992
8.500000
0.250000
252.000000
233.500000
282.000000
0.050000
363.000000
385.000000
141.000000
3.620000
67.000000
396.000000
230.000000
2.890000
292.000000
254.000000
120.500008
3.100000
119.500008
130.000000
180.000000
4.850000
4.500000
90.500000
369.000000
4.550000
282.500000
352.500000
27.000002
1.590000
311.000000
294.500000
247.000000
4.930000
198.000000
181.000000
25.500000
0.640000
436.000000
69.000000
148.500000
4.260000
20.000000
387.000000
98.500000
1.860000
211.500000
207.000000
321.000000
2.510000
403.500000
174.500000
205.000000
3.550000
318.000000
477.500000
78.500000
1.270000
306.500000
119.000008
370.000000
4.830000
492.500031
476.000031
116.500000
3.450000
473.999969
249.499985
480.000031
0.500000
68.000000
104.000000
152.500000
2.660000
432.499969
1.000000
102.000000
0.140000
143.500000
305.000000
226.000000
1.590000
224.499985
126.500000
338.500000
1.770000
7.000000
471.000000
305.000000
0.300000
236.999985
78.000000
235.500000
1.510000
133.000000
7.000000
307.500000
2.300000
20.000000
71.500000
498.999969
1.260000
435.000000
159.000000
62.000000
1.420000
315.000000
160.000000
197.500000
2.980000
12.000000
471.000000
161.000000
2.860000
392.000000
156.000000
263.500000
2.990000
440.500031
103.500000
379.500000
1.810000
268.000000
137.500000
391.000000
3.250000
166.500000
153.500000
13.000000
3.030000
378.500000
487.500000
360.500000
0.290000
22.000000
27.000002
395.000000
4.330000
279.500000
390.000000
298.000000
1.240000
