5.500000
25.000000
54.500000
2.850000
494.000000
69.500000
311.500000
0.230000
388.000000
215.500000
442.999969
4.890000
454.500000
457.000031
407.000031
1.300000
42.000000
389.000000
347.500000
3.480000
124.500000
296.000000
413.500031
1.890000
101.000000
286.500000
496.999969
4.720000
227.500015
362.000000
13.000000
4.020000
491.000000
423.999969
150.000000
4.700000
236.999985
349.000000
423.000000
4.150000
33.500000
402.000000
417.999969
0.940000
72.500000
314.000000
171.500000
3.820000
268.000000
362.000000
437.500000
0.360000
349.000000
178.000000
211.999985
0.370000
169.000000
358.500000
48.500000
4.300000
2.000000
467.999969
493.500000
1.200000
240.500000
39.500000
326.500000
3.340000
204.500000
304.000000
297.000000
0.120000
384.000000
9.500000
160.500000
4.080000
302.500000
368.500000
197.000000
2.480000
345.500000
99.000000
462.500000
3.760000
396.000000
251.500015
457.000031
0.250000
389.000000
158.000000
443.500000
4.660000
237.500000
477.000000
81.500000
1.950000
460.000000
348.000000
253.000000
2.480000
302.000000
208.000000
440.500031
2.420000
484.000000
256.500000
375.000000
3.710000
38.500000
500.000000
42.000000
3.520000
122.000000
388.000000
358.500000
1.480000
271.000000
224.000000
116.500000
1.550000
263.500000
297.000000
73.000000
2.750000
9.000000
18.500000
248.499985
0.860000
137.500000
477.000000
132.500000
2.110000
134.500000
204.000000
284.000000
4.010000
398.000000
14.000000
6.500000
2.440000
274.500000
454.000000
323.500000
1.950000
461.499969
464.500000
303.000000
2.590000
313.000000
407.000031
217.500000
1.140000
313.500000
39.500000
305.500000
3.880000
359.500000
325.000000
256.000000
0.340000
409.499969
476.500000
13.500001
1.350000
406.500000
36.500000
448.999969
2.530000
103.000000
339.500000
141.500000
3.120000
100.000000
449.500000
346.500000
3.510000
406.000000
87.000000
111.000000
4.410000
326.500000
479.000000
210.500000
4.490000
341.000000
469.999969
44.000000
2.470000
294.500000
232.000000
322.500000
3.410000
194.500000
78.500000
450.500000
0.640000
154.000000
422.500000
216.000015
2.360000
227.000000
443.500000
207.000000
2.840000
173.500000
71.500000
210.500000
0.640000
117.499992
435.000000
75.500000
4.370000
345.500000
459.000000
235.999985
1.870000
165.500000
323.500000
405.000031
2.220000
22.000000
178.500000
457.000031
4.930000
428.000031
173.000000
370.000000
4.550000
13.000000
445.500000
85.500000
3.610000
45.000000
221.499985
403.500000
4.890000
17.000000
245.500000
102.000000
1.460000
70.000000
104.999992
127.500000
3.240000
473.500000
365.500000
492.999969
3.260000
152.500000
258.500000
140.500000
3.000000
481.500000
471.999969
227.000000
3.350000
92.500000
434.000000
441.000000
1.910000
319.000000
293.500000
219.000000
3.110000
483.500000
460.000000
405.499969
2.740000
353.000000
395.500000
233.500000
2.880000
357.000000
115.500000
173.000000
0.920000
42.500000
422.500000
369.500000
0.300000
419.999969
218.500000
115.000000
4.920000
310.000000
389.500000
22.500000
1.960000
54.000004
221.499985
206.500000
4.770000
137.500000
125.500000
334.500000
2.360000
381.000000
393.000000
395.000000
2.150000
369.000000
153.500000
274.500000
2.500000
250.500015
403.500000
390.000000
1.580000
220.000000
223.000000
178.000000
0.440000
264.000000
199.000000
461.000000
4.330000
377.500000
181.500000
158.500000
3.720000
462.000000
417.999969
450.000000
2.400000
235.500000
337.000000
340.000000
2.690000
95.000000
278.000000
60.500000
0.020000
483.000000
151.500000
318.000000
1.600000
39.500000
193.000000
301.000000
2.580000
4.500000
228.500015
421.999969
3.750000
234.500000
484.499969
23.000000
1.790000
386.000000
230.000000
374.000000
1.240000
245.500000
221.499985
328.500000
0.250000
242.000000
56.500000
466.000000
4.010000
264.000000
57.000000
66.500000
4.560000
181.000000
360.000000
14.000000
3.230000
30.500000
260.000000
198.000000
3.550000
127.000000
105.999992
29.499998
1.060000
58.499996
276.500000
50.500000
0.060000
371.500000
358.500000
363.500000
1.990000
484.000000
354.000000
5.500000
1.030000
222.499985
387.000000
469.999969
4.030000
307.500000
61.000000
82.500000
0.120000
48.000000
382.500000
204.500000
3.160000
76.500000
168.000000
351.500000
0.230000
17.000000
259.500000
118.499992
3.980000
217.000000
330.500000
135.000000
0.110000
334.500000
288.500000
482.000031
2.000000
406.500000
220.000000
121.500000
1.700000
105.499992
165.000000
198.000000
1.210000
30.500000
204.000000
20.500000
1.310000
399.500000
395.500000
154.500000
0.790000
46.500000
268.500000
167.500000
0.690000
336.000000
91.000000
365.000000
1.750000
103.000000
423.500000
8.000000
2.190000
139.000000
314.500000
38.000000
4.170000
23.000000
381.500000
86.000000
3.360000
19.500000
463.500031
287.500000
2.620000
284.500000
155.500000
298.500000
2.940000
485.000000
77.000000
320.000000
4.410000
460.000000
463.000000
30.500000
2.200000
445.500000
344.500000
132.500000
2.360000
393.000000
16.500000
273.500000
2.700000
452.000000
100.000000
134.500000
1.990000
127.000000
318.000000
22.000000
1.390000
58.999996
194.000000
434.000000
2.160000
69.000000
404.500000
74.000000
0.020000
418.500000
76.500000
213.500000
3.840000
116.999992
442.000000
96.500000
1.190000
39.500000
231.500000
211.999985
2.530000
146.500000
492.000000
12.000000
3.260000
303.500000
44.500000
195.000000
4.760000
26.000000
193.000000
87.500000
0.310000
49.000000
268.500000
286.500000
1.380000
403.000031
91.500000
249.000000
4.860000
13.000000
279.000000
405.499969
0.750000
100.500000
446.999969
364.000000
4.340000
309.000000
99.500000
452.000000
0.680000
236.500000
384.500000
444.000000
4.770000
189.500000
386.500000
436.000000
0.450000
180.000000
61.500000
417.000000
2.980000
14.500000
70.500000
24.000000
0.580000
216.500000
413.000000
95.500000
2.900000
182.500000
38.500000
156.000000
4.500000
9.500000
374.000000
469.500031
4.590000
379.500000
0.500000
388.500000
0.990000
21.000000
415.500031
28.500000
1.330000
438.000000
230.000000
396.500000
1.780000
226.000000
295.000000
253.000000
3.390000
314.500000
219.000000
411.000000
3.790000
459.000000
216.500000
262.000000
4.840000
436.499969
212.500000
19.000000
1.090000
226.000000
305.000000
292.000000
2.000000
474.500000
222.499985
117.499992
3.280000
407.000031
194.000000
101.000000
3.200000
343.500000
286.000000
173.000000
2.180000
421.000000
419.500031
477.500000
3.760000
170.000000
38.000000
372.500000
2.650000
360.500000
36.000000
136.500000
1.570000
352.000000
496.000000
368.500000
2.350000
44.000000
343.000000
84.000000
4.990000
415.500031
422.500000
158.500000
4.180000
211.999985
413.000000
235.999985
4.900000
166.000000
498.500000
155.000000
4.770000
68.000000
11.500000
346.000000
3.540000
370.500000
252.000000
155.000000
0.710000
64.500000
60.000004
114.000000
4.250000
239.000015
186.000000
270.000000
3.790000
11.500000
275.500000
471.999969
1.060000
358.000000
227.000000
486.499969
0.970000
142.000000
154.000000
383.000000
1.180000
130.000000
151.500000
318.000000
1.400000
489.000000
438.000000
222.000000
2.390000
304.500000
24.000000
63.500000
0.070000
469.999969
28.500000
198.000000
4.210000
239.500000
317.000000
448.999969
1.570000
355.000000
177.500000
189.000000
3.000000
289.500000
234.999985
234.999985
1.690000
50.500000
183.000000
232.000000
2.020000
427.500000
29.499998
166.500000
2.670000
417.999969
483.000000
476.500000
2.240000
324.000000
19.500000
329.000000
0.640000
17.000000
337.000000
397.500000
3.020000
92.000000
291.500000
84.000000
0.720000
317.500000
43.500000
478.000031
2.820000
296.000000
45.000000
230.500000
1.080000
337.000000
157.000000
347.500000
0.590000
81.500000
387.500000
158.500000
0.870000
106.500008
350.000000
87.500000
1.160000
381.000000
6.500000
134.000000
4.020000
433.000000
329.000000
463.500031
4.480000
371.000000
350.000000
414.000000
0.800000
159.000000
288.000000
451.500000
0.730000
193.500000
95.000000
118.499992
0.590000
286.500000
313.000000
431.500000
0.250000
346.500000
452.000000
178.000000
2.030000
88.500000
31.500000
40.500000
2.470000
494.500031
489.500000
192.500000
3.520000
193.000000
474.500000
388.000000
3.590000
113.500000
336.500000
467.999969
0.250000
54.500000
111.500000
333.500000
0.150000
102.500000
190.500000
207.000000
0.390000
466.000000
279.500000
397.500000
1.650000
45.000000
81.500000
298.500000
1.860000
46.500000
439.000000
194.500000
3.730000
46.500000
177.500000
170.000000
1.180000
454.000000
191.500000
301.500000
2.560000
192.500000
463.500031
98.000000
0.150000
327.500000
136.000000
353.000000
1.750000
5.000000
108.000008
390.000000
1.420000
354.500000
235.999985
63.000000
3.610000
230.500000
77.500000
386.000000
1.830000
446.000000
402.000000
149.500000
0.710000
488.000000
47.500000
291.000000
0.770000
388.500000
421.999969
178.500000
1.810000
208.999985
46.000000
81.500000
3.310000
450.500000
268.500000
113.500000
3.430000
482.000031
228.000000
89.000000
0.260000
451.000031
414.500000
222.499985
2.180000
289.000000
5.500000
393.000000
2.130000
32.000000
303.000000
246.000000
2.380000
131.500000
148.000000
205.500000
4.780000
186.000000
423.500000
264.000000
3.070000
98.000000
372.000000
18.500000
3.260000
310.500000
233.999985
327.000000
0.190000
181.500000
299.000000
314.000000
3.270000
401.500000
68.500000
175.000000
1.640000
203.500015
403.000031
433.500000
3.600000
436.000000
180.500000
199.000000
4.950000
492.500031
29.000000
385.000000
2.370000
216.000015
475.500000
413.000000
0.160000
260.500000
95.000000
300.500000
3.250000
312.500000
148.000000
209.999985
4.460000
483.500000
39.000000
365.500000
4.500000
135.000000
269.500000
462.000000
1.470000
425.500000
144.500000
178.000000
3.890000
202.500015
123.500000
361.500000
2.810000
48.500000
345.000000
92.500000
1.480000
466.000000
411.000000
352.000000
3.220000
298.000000
209.500000
141.500000
0.240000
9.000000
309.000000
355.000000
1.660000
232.000000
272.500000
471.000000
3.720000
229.500000
479.000000
364.500000
1.360000
471.000000
107.000008
252.500015
3.330000
291.000000
376.500000
299.000000
2.610000
378.500000
86.000000
283.500000
4.730000
471.500000
481.000000
183.000000
1.510000
174.000000
208.999985
181.500000
4.940000
235.999985
304.000000
462.000000
0.600000
340.000000
188.500000
444.000000
2.430000
44.000000
106.500008
304.500000
0.280000
221.499985
138.000000
310.000000
0.960000
45.000000
367.500000
479.000000
1.220000
127.000000
246.499985
469.000000
2.490000
49.000000
92.500000
248.499985
2.640000
54.000004
426.500000
116.500000
1.750000
110.000000
5.500000
236.500000
1.230000
216.000015
318.000000
126.000000
1.820000
220.500000
452.500000
178.000000
4.350000
391.000000
319.500000
223.000000
0.530000
457.499969
180.000000
346.000000
0.720000
68.500000
421.000000
350.000000
2.810000
400.000000
336.500000
133.000000
1.290000
67.500000
430.499969
334.500000
0.770000
265.000000
473.500000
260.000000
0.730000
337.000000
57.000000
314.000000
3.830000
417.500031
133.000000
21.000000
0.900000
158.000000
205.500000
24.000000
3.550000
67.500000
450.500000
351.000000
1.400000
146.500000
177.000000
185.000000
4.500000
404.500000
91.000000
190.500000
1.480000
311.500000
156.500000
278.000000
0.890000
381.000000
286.500000
87.500000
4.510000
276.000000
408.500000
228.000000
1.130000
74.000000
288.500000
345.500000
2.590000
36.000000
219.000000
172.000000
1.210000
300.500000
232.000000
318.000000
3.750000
302.000000
185.000000
291.500000
3.060000
62.000000
21.500000
488.000000
4.420000
479.500000
381.500000
317.000000
2.640000
390.500000
342.500000
179.500000
0.170000
442.000000
343.000000
147.500000
2.060000
413.500031
242.000000
434.499969
0.170000
135.000000
384.500000
344.000000
1.430000
493.500000
235.500000
179.500000
0.510000
306.000000
483.000000
277.000000
0.700000
420.500000
213.000015
494.500031
0.470000
97.000000
482.499969
10.000000
3.320000
273.000000
428.000031
207.000000
3.580000
471.999969
333.000000
409.499969
2.740000
40.000000
473.000000
281.500000
0.650000
30.500000
66.500000
480.499969
2.860000
133.500000
223.000000
243.000000
2.640000
398.000000
213.000015
338.000000
0.400000
306.500000
434.499969
23.500000
4.290000
158.500000
339.500000
239.000015
0.920000
392.500000
280.000000
244.500000
2.780000
337.500000
426.000031
170.000000
3.940000
241.000015
10.000000
417.999969
1.320000
0.000000
130.000000
373.000000
0.870000
226.000000
375.000000
453.500000
3.300000
148.500000
356.000000
330.500000
2.800000
433.500000
477.500000
396.000000
3.700000
121.500000
169.500000
412.000000
4.160000
290.000000
392.500000
209.999985
4.060000
209.999985
433.000000
14.500000
2.200000
185.500000
305.500000
216.500000
4.590000
182.500000
277.500000
343.000000
0.510000
322.000000
293.000000
99.500000
3.880000
463.500031
392.500000
432.499969
1.300000
60.000004
185.500000
68.000000
0.800000
144.000000
427.500000
157.500000
0.470000
261.500000
340.500000
29.000000
0.910000
359.500000
372.000000
319.000000
3.770000
324.500000
462.500000
57.500000
2.130000
285.500000
346.000000
31.500000
2.600000
356.500000
232.000000
242.000000
2.990000
241.000015
274.500000
248.000000
1.970000
464.000000
57.500000
210.999985
1.860000
381.000000
36.500000
0.500000
2.030000
147.500000
457.499969
264.000000
0.060000
285.500000
129.000000
413.000000
3.590000
392.000000
271.000000
196.000000
4.910000
247.499985
245.000000
7.000000
1.660000
179.000000
133.000000
49.000000
2.460000
185.000000
190.000000
69.500000
0.690000
201.500015
41.000000
397.500000
2.380000
421.500000
423.000000
183.000000
1.690000
41.500000
393.500000
189.500000
1.410000
57.000000
61.500000
185.000000
3.340000
137.500000
175.000000
361.000000
3.940000
339.000000
385.500000
291.500000
4.910000
289.500000
223.000000
431.000000
4.320000
494.000000
298.000000
248.499985
1.940000
349.000000
341.500000
309.000000
3.110000
218.500000
482.000031
242.000000
2.050000
216.500000
452.500000
351.500000
3.170000
473.000000
263.000000
448.999969
2.470000
94.000000
170.000000
186.500000
2.650000
165.500000
16.000000
302.000000
2.310000
202.500015
383.500000
303.500000
2.850000
434.499969
125.000000
192.500000
2.990000
394.000000
480.499969
236.500000
2.980000
293.000000
448.500000
5.500000
3.470000
461.000000
491.500000
168.000000
3.660000
32.000000
60.500000
74.500000
4.030000
207.000000
40.000000
149.500000
2.510000
428.500000
387.500000
307.500000
3.530000
482.499969
314.000000
324.500000
3.510000
238.500000
37.500000
367.000000
1.860000
476.000031
267.500000
241.000015
4.110000
396.000000
190.000000
21.500000
4.910000
213.500000
287.000000
36.000000
2.480000
464.500000
255.000000
122.500000
2.910000
307.000000
488.000000
366.500000
0.350000
428.500000
219.500000
105.499992
1.960000
206.500000
368.000000
24.500000
1.000000
1.500000
401.000031
428.000031
2.200000
382.500000
166.000000
361.500000
1.940000
111.500000
45.500000
233.999985
4.180000
61.500000
137.000000
489.000000
2.450000
200.500015
382.000000
211.500000
4.630000
139.000000
135.000000
61.000000
0.120000
166.000000
204.500000
316.000000
2.700000
473.000000
186.000000
176.500000
0.270000
254.000000
52.499996
322.500000
0.440000
182.500000
325.500000
8.000000
2.040000
123.000000
192.500000
305.500000
0.680000
8.000000
290.000000
169.000000
1.580000
269.500000
79.000000
148.000000
2.490000
464.500000
392.000000
466.000000
2.050000
240.500000
34.500000
115.000000
1.610000
423.500000
461.499969
57.500000
0.410000
390.000000
300.500000
321.500000
2.730000
463.000000
312.500000
99.500000
1.220000
180.500000
308.500000
427.000000
0.670000
204.500000
384.000000
358.500000
0.150000
31.500000
89.500000
401.000031
2.460000
92.000000
352.000000
419.000000
4.570000
452.000000
241.000015
104.999992
2.200000
218.500000
306.000000
55.500000
3.830000
3.500000
321.000000
385.000000
3.880000
356.000000
218.500000
161.500000
1.540000
30.000002
175.000000
243.500000
1.010000
185.500000
373.000000
181.500000
4.600000
80.000000
259.500000
157.000000
3.270000
81.500000
131.500000
266.500000
4.310000
462.000000
90.500000
77.500000
0.770000
299.000000
119.500008
196.500000
2.050000
154.500000
394.500000
265.500000
2.500000
11.500000
450.000000
360.000000
1.230000
485.500000
176.000000
193.000000
3.370000
299.500000
101.000000
168.000000
0.630000
75.000000
434.499969
500.000000
3.340000
408.500000
399.500000
95.500000
3.120000
1.500000
85.000000
13.500001
3.300000
257.000000
221.499985
348.500000
0.910000
133.500000
403.500000
406.000000
3.870000
465.500031
437.000000
202.500015
0.750000
459.000000
167.500000
36.000000
0.050000
12.500000
231.000000
57.000000
0.110000
406.500000
33.500000
98.000000
2.810000
460.500000
243.500000
499.500000
2.110000
31.500000
199.000000
320.500000
2.470000
331.500000
351.000000
20.500000
2.400000
166.500000
466.500000
305.500000
4.980000
62.000000
425.500000
102.000000
4.860000
196.000000
241.500000
91.000000
4.130000
339.500000
343.000000
125.000000
4.210000
298.500000
111.500000
47.500000
2.570000
10.500000
38.000000
311.000000
0.600000
347.000000
140.500000
94.000000
1.730000
45.000000
32.500000
227.000000
2.760000
475.500000
41.500000
287.000000
3.590000
31.500000
184.000000
315.000000
0.390000
39.000000
356.500000
467.000000
4.420000
309.500000
408.000000
227.000000
2.250000
73.000000
58.999996
368.500000
0.200000
247.499985
343.500000
342.500000
4.080000
339.500000
223.499985
356.500000
4.200000
201.500015
345.500000
457.499969
4.420000
349.000000
87.000000
333.000000
2.130000
122.000000
401.500000
103.000000
2.540000
165.500000
179.000000
229.500000
0.360000
234.999985
346.000000
121.000000
1.770000
252.000000
136.000000
34.500000
3.000000
242.000000
109.000000
306.500000
2.270000
469.000000
495.500000
185.500000
3.760000
121.000000
154.500000
76.000000
4.080000
307.500000
31.500000
115.500000
4.770000
126.500000
317.500000
102.500000
3.600000
482.000031
7.500000
236.500000
4.220000
78.000000
232.000000
41.500000
4.590000
456.500000
441.000000
49.000000
3.990000
245.000000
100.500000
394.000000
0.150000
58.999996
108.500000
484.000000
3.970000
274.500000
376.500000
86.000000
4.610000
204.500000
40.000000
261.500000
1.360000
224.000000
92.000000
455.000031
4.180000
329.500000
347.000000
167.000000
4.920000
213.500000
60.500000
363.000000
3.670000
404.000000
440.000000
368.500000
4.930000
260.000000
372.500000
36.000000
0.900000
134.000000
186.000000
208.500000
2.130000
310.000000
319.000000
98.500000
4.080000
93.000000
248.499985
58.499996
3.560000
270.500000
172.500000
146.000000
2.020000
47.000000
203.000000
126.500000
0.120000
35.000000
481.500000
433.500000
4.230000
14.000000
203.000000
140.000000
2.260000
336.000000
131.500000
435.500000
4.930000
448.500000
218.500000
479.500000
4.270000
496.500000
2.500000
333.500000
1.880000
23.500000
28.000000
483.500000
4.640000
377.000000
293.000000
301.000000
1.160000
40.500000
287.500000
145.000000
0.180000
83.500000
460.000000
241.500000
1.700000
171.000000
404.000000
303.000000
4.160000
171.500000
404.500000
271.000000
0.810000
324.000000
300.000000
1.500000
1.090000
149.000000
441.500000
150.000000
1.530000
112.000000
354.500000
202.500015
4.650000
433.000000
107.000008
49.500000
0.840000
446.999969
77.000000
339.500000
0.220000
183.500000
116.999992
384.500000
1.760000
490.500031
451.500000
354.500000
1.550000
351.000000
237.500000
462.500000
4.430000
314.000000
496.999969
407.000031
1.100000
232.000000
363.500000
280.000000
1.780000
310.000000
70.000000
176.000000
1.370000
244.500000
453.500000
367.000000
4.460000
102.000000
491.000000
221.499985
3.050000
440.000000
361.500000
464.500000
3.260000
287.500000
358.000000
113.500000
0.050000
3.000000
230.500000
68.000000
4.800000
437.500000
242.000000
117.499992
2.460000
360.500000
121.500000
64.500000
3.620000
62.000000
358.000000
318.000000
0.270000
1.000000
325.000000
497.500000
1.700000
442.000000
79.500000
24.000000
0.170000
107.000008
285.500000
326.500000
4.310000
343.500000
107.500008
324.500000
4.980000
275.500000
402.500000
256.000000
1.190000
44.500000
440.500031
12.500000
1.000000
296.000000
150.500000
219.000000
0.260000
117.999992
1.500000
467.000000
0.550000
439.500000
1.000000
295.500000
3.440000
366.500000
233.999985
6.000000
3.900000
458.000000
135.500000
55.000000
4.210000
37.000000
419.000000
421.999969
4.390000
228.500015
427.000000
199.000000
3.100000
322.000000
100.000000
395.500000
1.410000
84.500000
407.499969
331.000000
4.100000
222.499985
420.500000
387.500000
3.110000
312.500000
315.500000
490.000000
2.760000
242.500000
477.000000
14.500000
2.130000
177.000000
211.999985
242.500000
2.470000
81.000000
379.500000
264.000000
1.060000
441.000000
162.000000
179.000000
4.260000
316.500000
229.000000
258.500000
4.970000
52.499996
136.000000
363.500000
1.770000
320.000000
473.999969
166.500000
4.590000
22.500000
150.500000
47.500000
0.020000
136.500000
272.500000
424.500000
2.590000
232.500000
335.500000
88.500000
0.840000
21.000000
416.000000
268.000000
1.490000
139.000000
386.000000
352.500000
0.530000
11.000000
410.000000
255.500000
2.730000
44.000000
265.500000
151.000000
0.150000
188.500000
286.000000
314.500000
3.360000
254.500000
282.000000
78.000000
4.720000
479.000000
86.500000
328.500000
2.680000
109.000000
277.500000
300.000000
1.300000
265.000000
189.000000
172.500000
3.890000
465.500031
398.500000
13.500001
1.130000
252.500015
358.000000
259.000000
2.500000
184.000000
379.000000
6.500000
1.320000
205.000000
189.000000
401.500000
2.460000
474.500000
299.500000
164.500000
0.600000
398.500000
251.500015
350.000000
1.520000
72.500000
331.000000
456.000000
1.050000
156.500000
465.500031
8.500000
2.210000
209.500000
184.000000
300.000000
1.410000
352.000000
260.000000
169.000000
4.710000
11.500000
244.000000
13.000000
0.560000
343.000000
14.000000
52.999996
3.680000
164.500000
214.500000
264.000000
3.700000
492.500031
439.500000
64.000000
1.960000
406.500000
208.000000
378.000000
3.460000
403.500000
377.500000
263.500000
1.040000
179.500000
147.000000
489.500000
4.920000
57.500000
405.000031
341.500000
2.580000
451.500000
151.500000
494.999969
3.380000
409.499969
299.000000
350.500000
1.560000
222.499985
59.500004
340.500000
4.140000
322.000000
426.000031
208.500000
0.570000
72.500000
174.500000
496.500000
3.170000
44.000000
29.000000
450.000000
1.820000
465.000000
347.000000
231.500000
4.480000
112.000000
54.000004
56.000000
1.050000
208.999985
442.999969
251.500015
2.500000
45.000000
82.500000
270.000000
4.290000
62.000000
52.000000
98.500000
3.370000
413.500031
221.000000
106.500008
0.620000
152.500000
282.000000
11.500000
1.020000
454.000000
497.500000
36.500000
1.590000
201.500015
393.500000
285.500000
1.100000
91.000000
468.500000
18.500000
1.750000
404.500000
12.000000
356.000000
0.890000
356.000000
6.500000
140.000000
1.850000
12.000000
329.000000
485.000000
4.030000
260.000000
72.500000
242.500000
2.130000
276.000000
369.500000
469.500031
3.060000
101.500000
224.499985
182.500000
3.180000
145.000000
317.500000
284.500000
4.020000
404.500000
12.500000
123.500000
3.030000
41.500000
409.499969
355.000000
2.700000
45.000000
184.000000
184.500000
1.900000
285.500000
181.500000
450.500000
3.920000
452.500000
330.500000
421.999969
1.770000
351.500000
195.500000
317.000000
2.580000
293.000000
258.000000
338.500000
4.070000
97.500000
69.500000
367.500000
3.730000
426.000031
258.000000
221.499985
1.000000
40.000000
233.999985
435.500000
3.350000
282.500000
463.500031
81.500000
3.810000
140.000000
454.000000
189.500000
3.150000
148.000000
182.500000
376.500000
1.050000
174.500000
336.000000
214.000015
1.060000
429.500000
248.000000
144.500000
1.570000
143.500000
254.000000
282.000000
2.850000
128.000000
275.000000
56.500000
0.410000
467.500031
243.000000
392.000000
4.430000
70.500000
296.500000
66.500000
2.680000
221.000000
409.000000
136.000000
4.970000
370.000000
452.000000
27.500000
3.080000
454.000000
491.500000
91.500000
0.220000
246.499985
448.500000
168.000000
1.600000
383.500000
28.000000
282.000000
2.340000
184.500000
4.000000
462.000000
2.820000
40.000000
375.500000
394.500000
0.730000
377.500000
371.500000
433.500000
3.330000
218.000000
97.000000
98.500000
1.940000
339.500000
430.499969
353.500000
2.740000
47.500000
444.000000
489.500000
4.020000
444.999969
348.500000
428.500000
2.840000
199.500000
468.500000
362.000000
0.250000
499.500000
326.500000
194.000000
2.450000
391.000000
359.500000
116.500000
3.350000
269.000000
479.500000
267.500000
3.330000
206.000000
489.000000
391.500000
3.720000
377.500000
116.999992
389.500000
2.630000
227.500015
498.500000
452.500000
4.580000
190.500000
173.500000
239.000015
0.690000
492.500031
69.500000
258.500000
0.960000
309.000000
20.000000
436.000000
2.260000
34.500000
208.999985
210.999985
4.540000
379.000000
14.500000
242.000000
0.900000
307.000000
473.500000
437.500000
0.300000
136.500000
409.000000
97.500000
1.080000
18.500000
11.500000
134.500000
1.300000
115.500000
488.500031
470.500000
4.290000
207.000000
116.500000
346.500000
2.010000
182.500000
438.500031
323.500000
1.900000
402.000000
358.500000
466.500000
4.750000
470.500000
344.000000
190.000000
0.010000
394.000000
228.000000
32.500000
1.820000
368.500000
276.000000
393.000000
4.090000
492.500031
494.999969
197.500000
4.750000
450.500000
91.000000
51.000000
2.430000
307.000000
311.500000
344.500000
4.160000
289.000000
434.000000
22.000000
1.800000
204.000000
293.500000
281.000000
3.690000
475.000000
332.000000
134.000000
0.400000
255.000000
113.000000
216.000015
1.660000
392.500000
425.000000
484.000000
2.430000
367.500000
144.000000
41.500000
4.750000
124.500000
150.500000
363.500000
1.740000
404.500000
144.000000
242.000000
2.410000
261.000000
331.000000
416.500000
0.020000
38.000000
287.500000
193.000000
4.280000
321.500000
316.500000
420.500000
1.480000
223.499985
13.000000
296.000000
2.410000
156.000000
430.000031
136.000000
4.570000
14.500000
309.500000
310.500000
2.290000
34.500000
306.000000
318.500000
4.430000
394.000000
289.000000
5.000000
0.940000
197.500000
425.000000
50.000000
2.440000
414.500000
401.000031
215.500000
1.690000
271.000000
238.500000
185.500000
4.360000
254.500000
495.500000
293.000000
0.900000
42.000000
204.500000
438.000000
2.690000
453.500000
26.499998
285.000000
4.690000
307.500000
166.000000
413.000000
2.520000
451.000031
207.500000
370.500000
0.210000
31.000000
144.000000
25.500000
2.550000
125.000000
113.500000
367.500000
2.230000
50.000000
141.000000
125.500000
3.890000
480.499969
283.000000
366.000000
4.200000
399.500000
29.000000
137.000000
0.690000
115.000000
485.000000
223.000000
3.370000
137.000000
342.500000
304.500000
3.700000
136.000000
384.000000
51.000000
3.870000
159.000000
254.500000
134.500000
1.660000
111.500000
90.000000
42.000000
1.520000
87.000000
437.500000
125.000000
0.670000
286.500000
150.500000
47.000000
0.500000
174.500000
421.500000
68.500000
3.220000
451.500000
161.500000
388.000000
2.010000
81.000000
415.500031
474.500000
0.430000
188.500000
118.499992
2.000000
3.760000
77.000000
362.000000
358.000000
2.770000
200.000000
17.000000
242.000000
1.300000
39.000000
245.000000
260.000000
3.940000
236.500000
159.500000
110.000000
0.290000
412.000000
104.499992
229.000000
1.630000
61.000000
218.000000
285.000000
4.520000
398.500000
70.500000
459.000000
2.850000
99.500000
0.000000
316.500000
3.970000
481.000000
337.500000
234.999985
4.520000
27.500000
133.500000
474.500000
2.640000
29.499998
315.000000
29.000000
3.770000
411.499969
425.000000
335.000000
1.290000
357.000000
302.000000
435.000000
4.940000
457.499969
469.999969
58.000000
0.020000
179.500000
464.000000
221.499985
4.820000
275.000000
403.000031
327.500000
1.790000
430.000031
257.000000
465.500031
4.400000
485.000000
98.000000
121.500000
2.720000
383.000000
238.000015
491.500000
4.830000
277.000000
82.000000
345.500000
2.380000
352.000000
341.500000
61.000000
1.960000
303.500000
286.000000
61.000000
4.880000
379.000000
383.500000
414.000000
3.920000
402.500000
254.000000
111.500000
1.750000
51.500000
434.499969
467.500031
0.520000
109.500000
223.000000
306.000000
3.020000
153.500000
471.999969
260.000000
3.600000
477.500000
217.000000
168.500000
3.730000
442.000000
20.000000
277.000000
4.180000
279.000000
454.000000
53.500004
4.610000
386.500000
192.000000
378.500000
4.470000
318.000000
268.500000
485.000000
3.610000
438.500031
417.500031
319.500000
2.740000
120.000008
139.000000
24.000000
3.220000
229.000000
180.500000
272.500000
1.240000
173.500000
305.000000
307.500000
2.640000
32.500000
5.500000
336.500000
0.850000
346.000000
283.500000
402.500000
3.030000
87.500000
385.500000
382.000000
2.460000
375.500000
79.000000
270.000000
0.300000
46.000000
357.500000
291.500000
1.620000
354.500000
365.500000
14.000000
4.160000
463.000000
161.500000
392.000000
0.640000
44.000000
138.000000
272.500000
4.730000
100.000000
435.000000
154.000000
1.880000
379.500000
34.000000
347.500000
1.090000
436.000000
165.000000
250.000000
1.700000
475.500000
476.000031
295.500000
2.020000
266.500000
378.500000
208.500000
1.500000
196.000000
372.000000
255.000000
4.990000
40.500000
183.000000
272.000000
3.400000
446.999969
399.000000
313.500000
2.730000
349.000000
180.000000
335.500000
4.930000
272.000000
488.000000
239.000015
3.080000
483.000000
366.000000
128.500000
1.610000
269.500000
195.500000
102.500000
0.120000
221.499985
471.000000
455.000031
1.370000
311.000000
16.500000
364.000000
4.020000
247.000000
484.499969
155.500000
0.800000
358.000000
454.000000
423.000000
0.670000
317.500000
86.500000
175.000000
2.350000
65.500000
213.000015
65.000000
0.370000
245.000000
396.500000
193.000000
2.360000
89.000000
366.000000
267.000000
2.260000
366.000000
96.500000
103.500000
3.980000
250.000000
211.999985
66.500000
1.790000
464.000000
40.000000
76.000000
3.950000
301.500000
221.499985
466.500000
3.770000
142.500000
498.999969
393.000000
4.290000
217.000000
96.000000
55.000000
3.630000
440.500031
298.000000
469.999969
2.860000
282.500000
167.500000
208.000000
4.290000
385.000000
86.000000
153.500000
3.760000
109.500000
420.500000
464.000000
2.060000
142.000000
326.500000
258.500000
2.540000
81.500000
276.000000
447.500000
1.480000
396.500000
335.000000
265.500000
3.540000
66.000000
176.500000
47.000000
3.720000
149.000000
451.000031
381.000000
0.760000
82.500000
67.000000
352.500000
1.180000
164.500000
240.500000
292.500000
0.900000
371.500000
392.000000
28.500000
2.840000
462.500000
260.500000
219.000000
1.090000
21.500000
477.000000
215.000015
1.470000
411.000000
279.000000
393.500000
1.620000
0.000000
150.000000
149.500000
1.760000
153.000000
471.000000
303.000000
4.350000
33.500000
216.000015
500.000000
1.270000
425.000000
332.000000
266.500000
0.290000
431.000000
163.500000
476.500000
3.300000
439.000000
391.500000
430.499969
0.810000
93.000000
1.500000
255.000000
4.610000
322.000000
353.500000
300.000000
1.780000
423.999969
29.000000
316.000000
4.050000
331.000000
77.500000
37.000000
1.690000
298.500000
420.500000
190.500000
4.030000
114.500000
265.500000
379.000000
3.540000
333.500000
326.000000
395.000000
2.840000
182.500000
5.000000
288.000000
0.570000
48.000000
419.000000
295.500000
3.980000
496.500000
51.500000
435.500000
3.010000
390.000000
480.000031
137.500000
0.110000
262.500000
225.500015
75.500000
4.600000
88.000000
273.500000
208.000000
4.160000
17.000000
20.000000
490.500031
4.980000
273.000000
122.500000
113.500000
0.150000
139.500000
94.500000
246.499985
0.010000
55.000000
479.000000
438.000000
2.920000
132.500000
368.500000
203.500015
3.970000
366.000000
89.000000
315.000000
4.680000
258.500000
473.999969
335.000000
3.510000
394.500000
185.500000
471.999969
3.610000
380.500000
75.500000
151.000000
4.640000
226.000000
115.000000
469.000000
0.050000
220.500000
18.500000
317.500000
4.530000
166.000000
354.000000
24.500000
2.940000
160.500000
2.500000
168.500000
4.090000
337.000000
230.000000
186.500000
1.730000
329.500000
483.500000
53.500004
0.660000
462.000000
457.000031
247.000000
0.480000
417.999969
15.000001
337.000000
2.310000
317.500000
253.500015
37.000000
2.630000
168.000000
374.500000
202.000000
2.140000
213.500000
370.000000
139.500000
4.840000
446.500000
421.000000
85.500000
2.490000
68.500000
93.500000
199.500000
1.460000
349.000000
152.500000
263.500000
3.000000
345.000000
71.500000
201.500015
2.180000
309.000000
392.000000
212.500000
0.460000
454.500000
173.500000
269.500000
2.180000
457.499969
360.000000
394.000000
1.670000
446.500000
404.500000
5.500000
0.550000
350.000000
30.000002
162.500000
2.020000
477.000000
127.500000
43.500000
1.280000
127.000000
217.500000
317.500000
4.180000
220.000000
302.000000
480.000031
4.270000
66.500000
128.500000
369.000000
2.330000
193.000000
430.499969
225.000000
2.210000
395.000000
14.000000
475.000000
3.630000
496.999969
388.500000
453.500000
2.280000
433.500000
2.000000
136.500000
4.250000
259.000000
229.000000
45.000000
4.770000
203.500015
46.500000
363.000000
4.520000
309.000000
471.999969
467.500031
2.550000
301.000000
117.499992
218.500000
3.790000
240.000015
233.500000
101.500000
0.440000
121.500000
7.500000
185.000000
0.210000
42.500000
274.000000
187.500000
4.440000
222.499985
84.000000
199.000000
3.410000
261.500000
185.000000
8.000000
1.800000
83.500000
216.500000
500.000000
0.150000
482.499969
426.500000
187.500000
0.060000
455.499969
489.000000
467.000000
3.490000
450.000000
478.000031
205.500000
4.850000
7.500000
217.500000
324.000000
2.380000
16.000000
198.000000
154.500000
1.650000
78.500000
21.500000
466.500000
0.570000
480.499969
231.500000
242.000000
3.430000
239.000015
170.000000
121.500000
1.850000
393.000000
329.000000
274.000000
4.010000
204.000000
473.500000
140.500000
3.840000
224.000000
210.999985
217.500000
1.590000
360.000000
21.000000
12.000000
2.790000
26.499998
452.500000
306.000000
3.800000
91.500000
298.500000
111.500000
0.400000
325.500000
496.000000
431.000000
0.920000
473.000000
322.000000
313.000000
4.160000
78.000000
130.000000
233.000000
4.890000
156.500000
275.500000
326.000000
2.850000
217.000000
403.000031
324.000000
2.030000
480.499969
135.000000
428.000031
1.880000
201.500015
12.500000
203.500015
1.890000
185.500000
102.500000
499.500000
2.380000
92.000000
420.500000
498.500000
2.800000
56.000000
455.000031
81.500000
2.330000
122.500000
434.000000
444.999969
4.370000
50.000000
231.000000
31.500000
3.370000
128.500000
205.000000
187.500000
4.810000
2.500000
143.500000
175.000000
1.660000
183.500000
10.000000
45.500000
1.240000
484.499969
123.500000
50.500000
1.620000
489.000000
339.000000
243.000000
0.750000
355.500000
322.500000
258.000000
2.280000
258.500000
398.000000
30.000002
0.290000
293.500000
117.499992
458.500000
0.870000
308.500000
161.500000
109.000000
1.730000
264.500000
102.000000
46.000000
0.040000
164.500000
495.500000
8.500000
2.370000
107.000008
21.000000
111.000000
1.020000
6.000000
400.500000
337.000000
1.710000
72.000000
414.500000
98.000000
4.740000
104.999992
466.000000
485.500000
3.860000
55.000000
478.000031
230.500000
3.650000
491.500000
131.500000
264.500000
4.850000
330.000000
169.500000
260.000000
1.500000
218.000000
70.000000
274.500000
1.000000
478.000031
325.000000
216.500000
2.200000
151.000000
42.000000
60.500000
4.860000
240.000015
323.500000
47.500000
0.090000
458.000000
398.500000
177.500000
0.330000
307.000000
194.000000
428.000031
0.590000
457.499969
262.000000
171.500000
3.410000
467.000000
5.000000
357.000000
0.330000
201.500015
492.999969
398.000000
2.020000
13.000000
401.500000
93.500000
2.420000
214.000015
489.000000
333.500000
2.550000
255.500000
246.499985
477.500000
0.450000
498.999969
213.500000
350.000000
0.280000
384.000000
383.500000
157.000000
0.410000
4.000000
354.000000
253.000000
4.930000
171.500000
475.000000
169.500000
0.510000
385.500000
71.000000
309.000000
0.660000
334.000000
353.500000
392.500000
0.770000
132.000000
384.500000
182.500000
2.370000
84.000000
482.499969
314.500000
1.660000
190.500000
247.499985
353.500000
0.510000
321.000000
134.000000
113.000000
1.500000
476.500000
262.000000
39.500000
2.070000
142.000000
180.000000
354.500000
2.710000
57.000000
34.500000
412.500000
4.280000
22.500000
152.000000
321.500000
4.950000
494.500031
423.999969
10.000000
2.130000
288.500000
199.000000
442.999969
3.280000
146.000000
490.000000
45.000000
4.970000
251.500015
403.500000
283.000000
3.980000
470.500000
23.500000
171.000000
4.800000
307.000000
222.000000
123.000000
1.330000
287.000000
400.000000
252.500015
2.440000
130.500000
475.500000
411.499969
2.440000
434.499969
459.000000
459.499969
1.870000
265.000000
271.500000
139.500000
2.540000
391.500000
114.500000
23.000000
3.890000
142.000000
117.499992
210.999985
4.620000
496.500000
67.000000
58.499996
2.170000
162.000000
410.000000
482.000031
1.570000
160.500000
469.000000
247.000000
4.030000
172.500000
500.000000
353.000000
0.450000
471.500000
258.500000
311.000000
2.820000
6.500000
338.000000
35.000000
3.510000
469.999969
451.500000
393.000000
1.660000
190.000000
441.000000
396.500000
1.010000
214.500000
4.500000
456.500000
1.600000
66.500000
286.500000
22.500000
1.220000
178.500000
230.000000
54.500000
0.000000
262.000000
139.500000
159.000000
2.880000
274.000000
278.500000
455.499969
0.460000
342.000000
112.500000
287.500000
1.810000
74.000000
248.499985
366.500000
0.980000
27.500000
272.000000
233.500000
4.450000
66.000000
235.999985
257.500000
1.680000
81.000000
265.000000
366.500000
3.900000
123.500000
325.500000
442.999969
2.660000
213.500000
383.000000
164.500000
2.330000
423.999969
127.000000
23.000000
3.480000
328.000000
176.000000
376.500000
1.950000
179.500000
42.500000
31.000000
1.680000
415.500031
349.500000
468.500000
1.840000
142.000000
80.500000
96.500000
1.180000
363.000000
95.000000
87.500000
2.830000
29.499998
448.999969
318.500000
4.490000
306.500000
481.500000
233.500000
2.200000
154.000000
69.500000
153.000000
3.750000
222.000000
214.000015
339.000000
2.040000
174.000000
52.999996
480.000031
2.840000
417.500031
278.000000
375.500000
4.950000
315.000000
276.500000
114.000000
2.090000
270.500000
397.000000
186.000000
4.100000
242.500000
82.500000
460.500000
4.140000
50.500000
394.500000
315.000000
1.490000
344.500000
319.000000
90.000000
2.410000
116.500000
279.000000
5.500000
2.970000
199.000000
288.000000
282.500000
3.780000
92.000000
268.000000
419.000000
2.200000
475.000000
482.499969
426.500000
0.670000
393.500000
259.500000
352.000000
1.380000
227.500015
495.500000
492.999969
2.520000
157.500000
450.000000
151.500000
2.010000
26.000000
478.500000
219.500000
3.820000
200.500015
130.000000
294.000000
0.290000
441.000000
410.000000
278.500000
1.990000
435.000000
131.000000
252.500015
4.700000
425.000000
144.000000
157.000000
4.360000
153.000000
141.000000
200.000000
4.150000
262.000000
7.000000
442.999969
4.840000
435.500000
209.999985
177.000000
4.280000
143.500000
335.500000
34.000000
2.520000
394.000000
394.500000
281.000000
0.350000
236.999985
264.500000
285.000000
2.240000
303.500000
417.000000
219.500000
1.320000
486.000000
126.000000
434.499969
4.830000
437.500000
338.500000
403.000031
1.550000
109.500000
491.500000
313.500000
3.350000
393.500000
444.000000
248.499985
1.480000
26.000000
333.000000
402.500000
3.310000
184.000000
68.000000
366.500000
4.160000
206.000000
354.000000
124.500000
4.500000
20.500000
276.500000
325.000000
2.660000
393.000000
346.500000
364.000000
4.950000
99.000000
16.000000
454.500000
0.490000
479.000000
209.999985
115.000000
1.680000
404.500000
54.000004
45.000000
2.570000
181.500000
230.000000
431.500000
2.120000
24.500000
485.500000
374.500000
1.420000
217.500000
232.000000
361.500000
4.890000
346.000000
332.500000
158.500000
3.990000
397.500000
243.500000
189.000000
1.870000
458.000000
310.500000
275.000000
3.550000
196.500000
375.500000
465.500031
4.570000
276.000000
281.500000
172.500000
0.200000
237.500000
176.000000
369.000000
0.260000
232.000000
451.000031
320.500000
0.650000
86.500000
371.500000
433.000000
2.870000
166.000000
76.500000
472.500000
3.350000
400.500000
74.500000
263.500000
3.880000
297.000000
225.000000
341.000000
1.050000
137.000000
221.499985
489.000000
1.060000
444.000000
234.500000
160.500000
3.780000
0.500000
372.500000
305.000000
2.100000
426.500000
35.500000
143.000000
4.990000
115.000000
31.500000
17.000000
0.980000
303.500000
103.000000
339.500000
1.460000
350.000000
117.999992
444.999969
4.520000
234.500000
234.999985
187.000000
3.030000
191.500000
402.500000
316.000000
3.380000
15.000001
228.500015
126.000000
4.370000
163.000000
204.500000
233.500000
0.300000
222.000000
383.500000
104.499992
2.390000
150.000000
394.000000
300.500000
1.150000
443.500000
477.500000
258.500000
2.770000
445.500000
469.000000
333.500000
3.590000
353.000000
51.000000
405.499969
2.260000
165.500000
256.500000
421.000000
1.930000
223.499985
344.000000
213.500000
4.780000
329.500000
448.999969
361.500000
0.760000
67.500000
374.500000
259.500000
2.400000
455.000031
424.500000
207.500000
1.340000
339.500000
0.000000
417.500031
4.490000
65.000000
113.000000
270.500000
3.030000
465.500031
355.500000
410.000000
4.240000
116.000000
11.000000
49.500000
4.410000
5.000000
367.500000
391.000000
3.550000
254.500000
196.500000
296.500000
4.570000
111.000000
257.000000
351.500000
1.400000
411.000000
274.500000
273.500000
1.870000
476.500000
341.500000
62.000000
2.440000
341.000000
220.500000
103.000000
2.030000
453.500000
198.000000
274.500000
1.100000
44.000000
344.500000
423.500000
0.680000
494.999969
189.000000
181.500000
3.930000
343.000000
195.500000
492.999969
3.990000
365.000000
383.500000
448.000000
0.440000
211.999985
117.999992
305.000000
0.220000
170.500000
376.500000
128.500000
2.290000
