23.500000
46.500000
191.000000
4.070000
44.000000
302.500000
222.000000
4.430000
296.500000
94.000000
5.500000
2.210000
294.500000
440.500031
130.000000
1.270000
71.000000
201.500015
170.500000
3.500000
421.000000
336.000000
401.500000
3.700000
305.000000
84.500000
411.000000
1.430000
402.000000
53.500004
373.500000
1.580000
297.500000
295.000000
122.000000
1.150000
421.000000
74.500000
145.000000
4.060000
403.000031
446.500000
262.500000
4.140000
308.500000
100.000000
202.000000
2.600000
475.500000
256.000000
456.500000
1.770000
251.500015
62.000000
280.000000
2.270000
67.500000
230.000000
374.500000
4.940000
458.000000
17.000000
186.000000
1.390000
470.500000
263.500000
135.000000
0.260000
225.000000
85.500000
286.000000
2.500000
341.500000
84.000000
102.500000
0.420000
135.500000
336.000000
412.500000
0.960000
24.000000
207.500000
319.500000
1.150000
174.000000
212.500000
447.500000
0.530000
480.499969
147.500000
292.500000
0.340000
87.500000
248.000000
322.000000
0.710000
329.000000
54.000004
416.500000
4.820000
494.500031
448.999969
58.000000
3.180000
2.000000
484.000000
454.000000
4.120000
465.000000
233.000000
360.500000
1.790000
278.000000
102.000000
419.000000
1.090000
326.000000
437.500000
43.500000
1.730000
127.000000
340.500000
413.000000
0.270000
499.500000
52.000000
290.000000
2.390000
441.000000
54.000004
261.000000
1.390000
230.500000
351.500000
64.500000
1.200000
162.500000
143.500000
383.500000
4.580000
52.000000
348.000000
99.500000
4.240000
312.500000
170.500000
53.500004
0.330000
339.500000
358.000000
268.000000
0.820000
476.500000
465.000000
121.000000
3.650000
129.500000
238.000015
423.000000
1.910000
23.000000
72.000000
337.500000
3.850000
34.000000
113.500000
231.500000
4.360000
115.000000
247.000000
465.000000
1.240000
488.000000
209.500000
476.500000
4.170000
118.499992
297.000000
27.000002
0.800000
18.500000
96.000000
376.500000
4.490000
410.500000
332.000000
281.000000
2.600000
251.000000
451.000031
345.500000
3.490000
208.000000
467.500031
189.000000
2.180000
339.000000
394.500000
277.000000
3.190000
332.500000
263.000000
113.500000
4.850000
224.000000
346.000000
158.500000
1.200000
70.500000
51.000000
120.000008
4.640000
427.000000
245.000000
313.500000
3.120000
94.000000
71.000000
127.500000
4.440000
335.000000
337.000000
4.000000
2.100000
143.000000
121.000000
231.000000
2.710000
412.000000
88.000000
241.500000
4.980000
37.500000
81.500000
387.000000
3.370000
415.000000
389.000000
107.500008
1.630000
224.000000
157.500000
120.000008
3.260000
431.500000
1.000000
82.000000
2.870000
208.500000
333.000000
36.000000
4.720000
481.500000
249.000000
140.000000
0.390000
126.000000
101.000000
489.000000
0.880000
382.000000
326.000000
458.500000
3.690000
2.500000
12.000000
212.500000
1.920000
178.500000
176.500000
238.500000
0.490000
383.500000
393.000000
186.500000
2.220000
261.000000
163.500000
479.500000
0.530000
349.000000
452.500000
358.000000
3.220000
92.000000
40.000000
314.000000
0.810000
369.000000
260.500000
125.500000
4.390000
315.000000
340.500000
450.000000
2.020000
383.000000
19.000000
129.500000
1.900000
232.500000
180.000000
495.500000
4.550000
270.000000
54.500000
89.500000
2.310000
348.000000
268.000000
254.000000
0.670000
127.500000
184.000000
449.500000
0.910000
170.000000
34.500000
145.500000
3.450000
468.500000
240.000015
281.000000
3.160000
5.500000
337.000000
62.000000
4.390000
379.000000
382.500000
181.000000
1.940000
126.000000
341.500000
40.500000
4.260000
253.000000
259.500000
235.999985
0.590000
219.000000
86.000000
214.500000
1.600000
307.000000
173.000000
42.000000
1.020000
444.999969
160.000000
179.500000
3.090000
66.500000
497.500000
366.500000
3.320000
349.000000
256.500000
300.000000
1.910000
78.000000
38.000000
152.500000
2.810000
242.500000
206.500000
65.500000
4.800000
484.000000
409.000000
142.000000
0.320000
369.500000
227.000000
329.000000
4.270000
62.000000
13.000000
343.000000
4.960000
349.500000
212.500000
17.500000
1.340000
324.500000
380.000000
268.000000
2.270000
306.500000
274.500000
256.000000
4.450000
481.500000
76.000000
70.000000
1.550000
327.500000
423.500000
215.500000
4.110000
131.000000
193.500000
199.000000
2.930000
258.000000
169.500000
152.000000
0.390000
219.000000
85.500000
462.500000
0.400000
281.000000
193.000000
216.000015
1.410000
50.000000
287.500000
247.000000
1.550000
202.000000
171.500000
417.999969
2.590000
236.999985
404.500000
99.500000
3.430000
431.000000
244.500000
60.000004
2.780000
277.000000
222.000000
170.000000
4.140000
45.000000
127.000000
31.500000
0.430000
251.500015
294.000000
355.000000
0.170000
234.999985
369.500000
124.500000
0.350000
467.500031
172.000000
438.000000
2.940000
430.000031
330.500000
494.000000
2.590000
145.500000
216.500000
13.500001
0.930000
229.000000
423.500000
228.000000
2.180000
285.500000
24.000000
192.000000
2.820000
121.500000
151.500000
4.500000
4.510000
283.500000
358.500000
481.500000
0.370000
40.500000
83.000000
16.500000
1.790000
316.000000
139.000000
348.500000
4.500000
112.500000
236.999985
115.000000
2.520000
287.500000
229.500000
195.500000
4.750000
335.000000
417.999969
404.500000
0.360000
273.000000
48.000000
11.500000
1.090000
344.000000
164.500000
34.500000
1.480000
220.500000
154.500000
175.500000
0.320000
492.000000
42.500000
489.500000
3.220000
118.499992
347.500000
360.000000
3.420000
207.500000
114.500000
75.000000
4.050000
393.500000
108.500000
298.500000
3.750000
357.000000
56.000000
464.500000
2.110000
35.000000
29.499998
381.500000
0.320000
401.500000
57.000000
405.499969
0.970000
250.500015
108.500000
12.500000
2.520000
215.500000
61.500000
63.500000
0.740000
178.500000
375.500000
96.000000
4.160000
136.000000
288.500000
253.500015
4.610000
342.500000
43.000000
84.500000
3.140000
206.000000
135.500000
340.500000
2.950000
251.500015
256.500000
294.500000
3.040000
315.500000
89.000000
194.500000
3.240000
77.000000
303.000000
442.500031
4.700000
202.500015
320.500000
215.500000
1.220000
184.000000
322.500000
420.500000
4.370000
418.500000
55.000000
455.000031
4.430000
296.000000
140.500000
190.000000
0.180000
156.500000
456.000000
22.500000
1.050000
16.000000
303.500000
250.000000
1.050000
207.500000
491.500000
434.000000
0.350000
186.500000
4.000000
287.000000
1.820000
378.500000
205.500000
317.500000
0.230000
370.500000
371.500000
203.000000
2.990000
275.500000
211.999985
409.000000
4.360000
197.000000
60.500000
359.000000
3.510000
448.999969
389.000000
426.000031
0.360000
72.000000
32.500000
490.000000
4.370000
295.500000
97.500000
184.000000
0.040000
347.000000
132.500000
478.500000
4.080000
31.500000
473.500000
91.500000
0.080000
121.000000
461.000000
423.000000
1.070000
393.000000
395.000000
34.500000
3.970000
138.500000
117.999992
475.000000
2.850000
155.000000
440.000000
287.500000
3.570000
312.000000
358.500000
362.500000
4.140000
131.000000
110.500000
223.499985
0.780000
475.000000
162.000000
218.500000
4.850000
152.500000
246.499985
157.500000
3.830000
337.500000
83.000000
330.500000
0.980000
321.000000
475.500000
442.999969
0.630000
229.500000
312.500000
294.500000
4.270000
314.000000
86.000000
402.500000
0.040000
410.000000
114.000000
356.500000
4.860000
466.000000
71.000000
360.000000
0.710000
136.500000
352.500000
53.500004
4.780000
195.000000
487.500000
221.000000
0.130000
335.000000
281.000000
254.000000
1.230000
43.000000
428.500000
166.500000
4.370000
494.000000
296.500000
419.000000
0.940000
297.000000
407.499969
358.000000
0.870000
57.500000
288.500000
68.000000
3.140000
416.000000
388.500000
355.000000
3.760000
181.000000
383.500000
36.500000
0.630000
346.000000
261.000000
147.500000
0.470000
77.500000
18.000000
191.500000
2.600000
276.000000
465.000000
298.000000
0.950000
103.500000
276.500000
219.500000
2.350000
206.500000
219.000000
63.000000
3.860000
360.500000
54.500000
101.500000
1.890000
295.500000
74.500000
395.500000
0.520000
104.999992
221.499985
226.000000
0.540000
225.000000
1.000000
259.000000
3.030000
47.000000
280.000000
351.000000
1.070000
67.000000
31.500000
252.000000
3.830000
13.500001
245.500000
441.500000
4.120000
477.500000
308.000000
118.499992
0.510000
72.500000
372.000000
167.500000
2.200000
19.000000
246.000000
225.500015
0.370000
55.500000
19.000000
289.000000
1.720000
82.000000
112.500000
300.000000
4.710000
139.500000
368.500000
211.500000
2.850000
195.500000
281.000000
102.500000
1.220000
63.000000
484.499969
307.000000
1.150000
378.000000
329.000000
283.000000
0.160000
99.000000
355.500000
116.999992
1.340000
201.000000
122.000000
146.500000
2.330000
226.000000
82.000000
266.500000
0.670000
101.500000
103.000000
442.000000
2.080000
31.000000
373.000000
466.000000
0.300000
376.500000
366.500000
378.500000
2.010000
270.500000
456.500000
43.000000
2.530000
406.500000
276.000000
403.500000
3.700000
125.000000
437.500000
408.500000
2.880000
318.000000
157.000000
150.500000
3.220000
297.500000
3.500000
205.000000
4.140000
434.000000
481.500000
177.500000
4.540000
153.000000
405.499969
472.500000
4.150000
186.500000
177.500000
166.000000
4.900000
37.500000
282.000000
119.500008
0.590000
497.500000
142.000000
119.000008
0.850000
486.499969
70.500000
242.000000
1.530000
283.500000
278.000000
286.500000
3.450000
26.000000
61.500000
496.999969
0.000000
92.000000
462.000000
425.500000
2.060000
244.500000
26.499998
169.000000
2.190000
169.000000
441.500000
212.500000
2.130000
49.000000
131.500000
275.500000
4.870000
212.500000
393.000000
494.500031
2.020000
33.500000
395.000000
456.500000
1.300000
5.000000
145.500000
28.000000
2.310000
289.500000
188.500000
67.000000
3.410000
25.000000
128.000000
160.000000
2.450000
432.000031
188.000000
133.500000
1.510000
200.500015
122.000000
351.500000
4.900000
139.000000
200.000000
331.000000
4.090000
50.500000
464.500000
181.000000
3.330000
299.500000
70.000000
367.500000
3.320000
460.000000
291.000000
39.500000
4.720000
244.500000
369.500000
423.000000
3.760000
45.000000
33.000000
180.500000
0.180000
357.000000
289.500000
448.999969
4.430000
357.500000
419.000000
208.500000
0.890000
421.999969
129.500000
7.000000
2.240000
107.000008
293.500000
225.500015
0.590000
198.500000
73.500000
295.500000
4.050000
222.000000
450.000000
174.000000
2.270000
333.000000
7.000000
104.499992
2.600000
163.500000
232.500000
76.000000
1.480000
341.000000
489.500000
306.000000
4.410000
79.000000
133.500000
233.500000
4.690000
163.500000
85.500000
268.500000
1.510000
75.500000
22.000000
394.500000
2.440000
164.000000
406.500000
436.000000
2.060000
331.500000
358.500000
210.500000
4.390000
275.000000
29.000000
499.500000
2.740000
124.000000
353.500000
127.500000
4.220000
325.500000
261.000000
139.000000
3.240000
271.500000
173.500000
34.000000
1.470000
409.499969
285.000000
54.500000
3.350000
351.500000
295.000000
114.000000
0.100000
174.500000
252.000000
357.000000
0.220000
161.000000
225.500015
485.500000
0.130000
442.999969
311.000000
497.500000
2.220000
105.499992
290.500000
305.000000
4.100000
62.000000
367.000000
254.000000
2.810000
275.000000
47.500000
174.500000
2.190000
356.000000
100.500000
208.999985
0.350000
191.000000
357.500000
1.000000
3.580000
358.500000
82.000000
235.999985
1.600000
182.000000
362.000000
156.500000
2.340000
356.500000
118.499992
232.000000
0.260000
413.500031
10.000000
370.500000
2.440000
55.500000
489.000000
228.500015
3.340000
58.000000
1.000000
143.000000
1.540000
348.000000
456.500000
286.500000
0.370000
288.000000
428.500000
494.000000
3.620000
493.500000
23.000000
123.500000
0.440000
331.500000
446.999969
43.000000
3.490000
318.000000
401.500000
209.999985
3.320000
290.500000
482.000031
410.000000
3.340000
92.500000
462.000000
219.500000
1.200000
25.500000
383.000000
117.499992
0.880000
12.500000
328.000000
112.000000
1.450000
66.000000
461.000000
58.499996
3.630000
374.500000
18.000000
209.999985
0.250000
378.500000
498.500000
418.500000
3.870000
147.000000
29.499998
311.500000
3.080000
76.500000
276.000000
64.500000
0.580000
5.000000
440.000000
287.000000
2.990000
180.500000
144.500000
202.500015
3.330000
258.500000
346.500000
253.500015
0.920000
414.500000
379.500000
382.000000
1.810000
342.500000
32.500000
27.500000
4.780000
426.500000
402.500000
480.000031
1.410000
76.500000
395.500000
422.500000
3.440000
210.500000
67.500000
403.000031
3.720000
378.500000
97.500000
467.500031
0.520000
122.500000
474.500000
190.000000
0.700000
10.500000
62.500000
18.500000
0.240000
187.000000
241.000015
309.500000
4.990000
256.000000
84.000000
249.000000
0.930000
72.500000
16.000000
484.000000
2.780000
357.000000
206.500000
140.000000
4.510000
463.000000
134.500000
181.500000
4.920000
211.500000
294.500000
67.000000
4.890000
418.500000
30.500000
299.000000
4.520000
344.500000
446.000000
457.499969
2.190000
72.000000
45.500000
377.500000
2.770000
490.000000
242.500000
419.500031
0.860000
86.500000
65.000000
376.000000
2.420000
284.500000
460.500000
99.000000
3.620000
438.000000
227.000000
347.500000
4.190000
152.500000
413.500031
105.999992
4.290000
201.500015
341.000000
69.500000
1.070000
381.500000
18.000000
124.500000
3.670000
356.000000
57.000000
179.000000
0.490000
97.500000
98.500000
325.000000
1.940000
365.000000
113.500000
26.499998
0.420000
41.000000
307.000000
408.500000
3.330000
338.500000
94.000000
273.500000
1.170000
131.500000
20.000000
6.000000
0.250000
101.500000
403.000031
467.500031
0.290000
259.500000
324.500000
449.500000
0.840000
24.000000
378.500000
497.500000
4.180000
386.000000
297.000000
362.500000
3.770000
5.000000
225.000000
364.000000
2.630000
458.000000
81.500000
419.000000
4.370000
464.000000
457.000031
256.000000
1.300000
228.500015
469.000000
166.000000
0.470000
184.000000
318.500000
383.500000
1.920000
134.000000
226.000000
337.500000
3.100000
427.000000
216.000015
408.500000
2.570000
75.000000
166.000000
64.500000
4.160000
305.500000
170.500000
271.000000
3.610000
410.500000
407.000031
121.000000
1.780000
316.000000
7.000000
179.500000
2.640000
303.500000
32.000000
490.500031
0.830000
377.500000
188.500000
162.000000
0.360000
75.000000
238.000015
98.000000
2.040000
348.500000
11.000000
442.999969
1.150000
167.000000
423.500000
207.500000
1.120000
58.499996
222.000000
157.500000
2.590000
29.000000
192.000000
481.000000
3.770000
361.500000
69.000000
324.000000
1.050000
235.999985
403.500000
492.000000
1.510000
442.500031
57.500000
74.000000
3.760000
433.500000
164.500000
383.000000
2.490000
69.000000
310.000000
56.000000
3.070000
48.000000
472.500000
307.500000
0.890000
494.999969
253.000000
389.500000
1.640000
122.000000
266.500000
101.500000
4.710000
164.000000
409.499969
188.000000
2.070000
184.500000
62.000000
323.000000
0.830000
341.000000
366.000000
182.500000
2.910000
444.500031
492.500031
219.500000
2.440000
438.000000
393.500000
496.999969
3.290000
284.500000
134.000000
254.000000
0.980000
72.500000
478.000031
389.000000
3.410000
382.500000
11.000000
330.000000
2.320000
121.500000
427.000000
298.500000
2.950000
224.000000
40.500000
245.000000
4.430000
398.500000
261.500000
4.500000
0.440000
391.000000
364.500000
140.000000
4.180000
33.500000
146.500000
99.000000
2.400000
60.500000
19.000000
312.000000
3.040000
217.500000
241.500000
371.000000
3.340000
416.000000
94.500000
120.000008
1.400000
362.000000
257.000000
402.500000
1.680000
312.500000
158.000000
391.000000
2.000000
139.500000
126.500000
483.000000
4.640000
71.500000
475.000000
50.000000
0.190000
371.500000
424.500000
492.000000
1.770000
241.000015
23.500000
117.499992
2.990000
188.000000
465.500031
6.000000
1.580000
215.000015
104.499992
65.000000
1.070000
317.000000
107.500008
8.000000
2.990000
190.000000
20.500000
270.000000
1.650000
55.500000
81.000000
117.499992
4.500000
67.500000
172.500000
465.500031
1.170000
225.500015
318.500000
360.000000
2.430000
339.000000
228.000000
50.000000
2.950000
75.000000
201.500015
256.500000
1.020000
185.500000
417.000000
498.999969
0.610000
177.500000
454.000000
478.000031
1.260000
11.500000
287.500000
263.500000
3.540000
235.500000
82.000000
466.000000
1.710000
477.500000
491.000000
406.500000
3.970000
42.500000
289.000000
446.500000
1.180000
253.000000
236.500000
229.500000
0.200000
465.500031
474.500000
407.000031
0.230000
13.500001
325.000000
365.000000
2.560000
71.000000
475.000000
332.500000
3.670000
448.500000
403.000031
229.000000
1.160000
337.000000
220.000000
407.499969
4.800000
444.000000
118.499992
3.000000
0.790000
263.500000
133.500000
183.500000
1.530000
428.000031
469.000000
281.500000
0.420000
116.000000
145.500000
34.500000
0.510000
37.500000
176.000000
111.500000
1.640000
223.499985
220.000000
283.000000
2.070000
453.000031
365.500000
428.500000
2.180000
144.500000
159.000000
114.500000
2.880000
498.000000
163.500000
24.000000
3.950000
397.500000
386.000000
194.000000
3.680000
324.000000
367.500000
440.500031
2.290000
413.500031
344.500000
39.500000
4.930000
242.000000
472.500000
62.000000
2.830000
325.000000
341.000000
467.000000
0.020000
496.000000
459.000000
467.000000
1.480000
246.000000
196.500000
317.000000
1.810000
80.500000
417.999969
346.000000
2.010000
317.000000
316.500000
392.500000
3.590000
52.999996
427.000000
80.000000
2.830000
310.500000
139.500000
246.000000
1.160000
262.500000
266.500000
413.000000
2.270000
267.000000
460.000000
208.999985
1.860000
93.000000
256.000000
88.000000
2.140000
461.000000
100.500000
67.000000
2.270000
153.500000
196.000000
87.000000
1.780000
330.000000
165.500000
384.000000
4.900000
272.500000
61.000000
182.000000
2.270000
358.000000
366.000000
36.500000
2.700000
16.500000
31.000000
468.500000
2.400000
68.500000
68.500000
158.500000
4.550000
13.500001
380.000000
12.000000
1.520000
72.500000
478.500000
341.500000
0.510000
458.000000
365.500000
137.000000
3.240000
372.000000
42.000000
463.500031
1.980000
23.500000
472.500000
102.000000
1.050000
73.500000
64.500000
247.499985
4.730000
71.000000
395.500000
40.500000
1.810000
288.500000
394.000000
124.000000
4.880000
205.500000
242.500000
363.500000
0.160000
331.500000
201.500015
174.500000
3.620000
16.500000
78.500000
96.500000
0.620000
49.500000
394.000000
483.000000
2.950000
498.999969
412.500000
437.500000
2.800000
307.500000
144.000000
243.500000
1.150000
405.499969
303.000000
181.500000
4.340000
244.000000
235.999985
235.999985
3.240000
0.000000
174.000000
476.000031
4.800000
320.500000
84.000000
291.000000
0.310000
3.500000
42.000000
469.999969
4.360000
98.000000
36.000000
86.500000
0.600000
302.500000
157.500000
290.000000
3.390000
139.500000
485.000000
211.500000
0.560000
17.500000
88.000000
317.500000
1.030000
188.000000
161.000000
51.000000
3.880000
144.000000
425.000000
323.500000
0.450000
87.500000
72.500000
340.000000
3.090000
373.000000
249.000000
104.000000
2.110000
319.500000
388.500000
375.500000
1.460000
322.500000
433.000000
5.000000
3.940000
87.000000
335.000000
27.500000
2.320000
422.500000
271.000000
115.500000
4.150000
105.499992
206.000000
79.000000
2.630000
268.500000
164.500000
121.000000
4.290000
412.500000
217.500000
292.500000
3.170000
464.000000
244.500000
119.000008
3.800000
114.500000
473.000000
372.500000
0.790000
197.000000
353.500000
300.000000
0.730000
161.000000
282.000000
494.999969
2.470000
180.500000
157.000000
249.499985
2.210000
313.500000
246.499985
226.500015
3.100000
50.000000
350.500000
89.000000
2.720000
140.500000
38.500000
281.000000
4.430000
293.500000
95.000000
110.000000
3.460000
349.000000
415.500031
160.000000
2.590000
378.000000
350.000000
133.500000
3.320000
73.500000
412.500000
103.000000
0.810000
370.000000
104.499992
133.000000
2.890000
94.000000
158.500000
251.000000
4.670000
183.500000
491.500000
58.000000
4.450000
351.000000
29.000000
24.500000
3.510000
133.000000
186.000000
46.000000
1.450000
90.500000
77.500000
245.500000
0.510000
435.500000
245.000000
206.500000
3.430000
371.000000
153.000000
402.500000
4.800000
482.499969
259.000000
290.500000
0.150000
196.500000
422.500000
438.500031
4.350000
12.000000
251.000000
363.000000
2.250000
321.500000
313.000000
33.500000
1.760000
299.500000
423.000000
34.500000
1.310000
268.000000
57.000000
222.000000
4.950000
117.499992
176.500000
357.000000
1.010000
460.500000
297.500000
233.999985
1.660000
262.000000
52.499996
15.500000
0.100000
201.500015
355.000000
263.500000
2.910000
427.000000
345.500000
448.500000
3.250000
59.500004
354.500000
246.000000
1.270000
125.000000
397.500000
159.500000
2.760000
380.000000
158.000000
80.000000
4.070000
59.500004
69.500000
401.000031
3.280000
318.500000
479.500000
26.000000
1.320000
265.000000
471.000000
447.500000
0.120000
53.500004
275.500000
25.000000
4.840000
201.500015
277.500000
265.000000
4.720000
276.000000
219.500000
184.500000
3.830000
226.500015
487.500000
10.000000
3.830000
286.500000
316.000000
395.500000
3.670000
176.500000
5.500000
291.000000
2.640000
388.000000
198.500000
1.000000
4.460000
166.000000
284.000000
494.500031
0.780000
500.000000
342.000000
313.000000
1.330000
128.000000
234.500000
4.500000
2.180000
410.000000
211.999985
268.000000
4.930000
0.000000
358.000000
418.500000
2.630000
284.500000
439.500000
169.500000
0.350000
298.500000
381.500000
90.000000
4.700000
340.500000
193.000000
304.500000
1.410000
320.000000
51.500000
42.000000
1.940000
416.000000
210.999985
39.500000
4.360000
310.000000
294.500000
232.500000
1.340000
468.500000
237.500000
135.000000
3.820000
228.500015
226.500015
221.000000
2.650000
166.000000
406.000000
462.000000
4.420000
139.000000
116.000000
367.000000
2.310000
49.000000
170.000000
405.000031
1.260000
464.500000
150.000000
114.500000
3.540000
113.000000
380.500000
278.500000
1.480000
101.500000
483.000000
388.500000
2.190000
455.499969
305.500000
452.500000
2.400000
239.000015
97.000000
99.500000
4.470000
291.000000
463.500031
20.500000
1.790000
194.500000
181.500000
298.500000
4.500000
486.000000
441.000000
328.500000
1.830000
120.500008
344.000000
212.500000
0.850000
132.000000
449.500000
321.000000
0.110000
8.000000
349.000000
151.500000
3.870000
177.000000
293.500000
104.999992
4.400000
244.500000
395.000000
270.500000
4.970000
116.999992
328.500000
255.000000
3.240000
375.500000
336.500000
68.000000
1.580000
454.000000
419.999969
158.500000
2.640000
91.000000
84.000000
475.000000
0.340000
348.500000
17.500000
356.000000
2.320000
79.500000
229.500000
76.500000
1.800000
436.000000
417.999969
375.000000
2.150000
136.500000
330.500000
295.500000
0.190000
68.500000
88.000000
293.500000
1.210000
240.000015
23.500000
100.000000
0.050000
355.500000
22.000000
35.500000
1.920000
326.500000
107.000008
281.500000
1.670000
233.999985
393.500000
157.000000
3.920000
252.500015
277.000000
326.000000
3.530000
233.500000
130.500000
129.000000
0.770000
59.500004
300.000000
108.000008
0.430000
33.500000
299.000000
293.000000
4.870000
233.999985
76.500000
193.000000
4.590000
293.500000
1.500000
26.000000
4.670000
428.500000
70.500000
254.000000
3.760000
463.000000
383.000000
425.000000
0.380000
8.000000
166.000000
466.500000
1.950000
38.000000
119.500008
397.000000
2.100000
71.000000
220.500000
149.500000
4.180000
103.500000
489.000000
363.000000
3.040000
214.000015
277.500000
18.500000
3.180000
233.999985
83.000000
18.500000
2.520000
279.500000
417.999969
254.500000
3.710000
438.000000
264.500000
284.000000
2.980000
81.500000
257.500000
274.500000
0.050000
283.500000
176.000000
293.500000
4.660000
379.000000
195.000000
469.500031
4.200000
362.000000
186.000000
408.500000
0.350000
453.500000
298.500000
358.000000
1.910000
210.500000
124.000000
458.000000
2.920000
43.000000
278.000000
417.000000
4.820000
263.500000
287.500000
181.500000
4.660000
253.000000
433.000000
167.500000
2.100000
1.000000
194.500000
94.500000
0.710000
471.500000
113.000000
255.000000
2.400000
198.000000
390.500000
154.500000
0.110000
108.000008
496.500000
129.000000
4.230000
355.500000
188.500000
81.500000
0.930000
402.000000
301.500000
218.500000
0.700000
274.500000
334.000000
357.000000
2.090000
320.000000
258.000000
169.500000
2.620000
423.500000
173.000000
133.500000
2.210000
222.000000
19.500000
38.000000
2.930000
495.500000
204.500000
384.500000
0.360000
249.499985
147.500000
361.500000
0.670000
397.500000
208.999985
84.000000
4.440000
318.000000
323.500000
10.500000
3.080000
139.000000
227.500015
372.500000
1.660000
494.999969
220.000000
76.000000
4.290000
380.000000
346.000000
197.500000
0.920000
183.500000
407.499969
254.500000
4.210000
206.000000
467.500031
41.500000
4.860000
466.000000
182.500000
455.499969
1.090000
135.500000
220.000000
82.000000
0.960000
36.500000
466.500000
415.500031
1.960000
225.500015
189.500000
347.500000
0.480000
5.500000
459.499969
28.000000
3.000000
167.000000
417.000000
368.000000
2.180000
293.500000
160.000000
315.500000
3.820000
11.500000
120.500008
289.500000
2.040000
126.000000
85.000000
54.000004
1.470000
231.000000
228.500015
119.000008
1.800000
319.500000
7.000000
398.000000
0.550000
133.000000
15.000001
326.500000
0.370000
363.500000
36.000000
303.000000
3.910000
45.500000
91.500000
281.500000
4.150000
270.000000
214.000015
6.000000
1.540000
429.500000
77.500000
451.000031
4.120000
382.000000
257.000000
71.500000
0.060000
44.000000
109.500000
192.500000
4.930000
342.000000
40.000000
431.500000
0.260000
58.000000
0.000000
176.000000
0.910000
360.000000
328.000000
156.000000
2.390000
110.000000
282.500000
399.000000
3.700000
113.500000
291.500000
353.500000
1.490000
306.000000
120.000008
406.500000
4.980000
166.500000
389.000000
0.500000
4.390000
168.000000
341.000000
328.000000
4.090000
429.500000
181.500000
360.500000
4.760000
266.000000
147.000000
55.500000
4.360000
172.500000
337.500000
244.500000
0.010000
421.000000
268.500000
340.000000
2.380000
342.500000
299.000000
389.000000
4.850000
221.499985
264.000000
358.500000
1.280000
165.000000
89.500000
1.500000
4.060000
130.500000
3.000000
137.500000
0.680000
424.500000
364.500000
272.500000
4.930000
119.500008
222.000000
314.000000
4.650000
24.000000
280.000000
438.500031
3.530000
267.500000
64.500000
313.000000
3.470000
19.000000
299.500000
19.500000
4.100000
455.499969
233.000000
67.500000
3.330000
374.000000
20.000000
183.000000
0.010000
454.000000
150.000000
26.000000
1.860000
82.500000
279.500000
128.000000
3.780000
213.000015
435.000000
490.500031
0.550000
155.500000
130.000000
377.500000
0.990000
8.500000
26.000000
184.500000
0.030000
462.000000
274.000000
127.500000
1.970000
385.000000
251.500015
87.500000
0.240000
42.000000
498.000000
320.500000
1.370000
362.500000
334.000000
222.000000
3.520000
310.000000
199.500000
261.000000
4.690000
75.000000
258.500000
48.500000
4.450000
220.000000
46.000000
179.500000
1.650000
233.999985
375.000000
145.000000
1.720000
399.000000
123.500000
498.999969
2.350000
354.000000
145.500000
424.500000
0.730000
199.500000
257.500000
401.500000
2.480000
45.000000
313.500000
244.000000
1.210000
161.500000
286.000000
247.000000
0.150000
98.000000
374.500000
275.500000
3.490000
257.500000
106.500008
231.500000
0.890000
365.000000
436.499969
442.000000
2.040000
476.000031
36.000000
130.500000
3.380000
406.000000
347.000000
247.000000
4.370000
424.500000
87.000000
51.500000
0.860000
290.000000
482.000031
170.000000
4.260000
473.999969
254.000000
35.500000
2.890000
140.000000
330.000000
484.499969
1.570000
221.000000
43.000000
398.000000
2.460000
156.500000
271.500000
247.000000
3.120000
221.000000
385.500000
158.500000
4.390000
447.500000
256.500000
177.500000
2.310000
44.000000
61.500000
138.500000
3.340000
452.000000
437.000000
164.000000
3.650000
365.000000
236.500000
316.500000
0.860000
126.500000
145.500000
342.000000
3.200000
211.999985
406.500000
284.000000
2.160000
94.500000
414.000000
423.000000
1.880000
446.000000
65.500000
93.000000
3.960000
85.500000
276.000000
263.000000
0.530000
171.000000
43.000000
402.500000
4.900000
381.500000
145.000000
287.000000
3.190000
206.000000
420.500000
285.500000
1.270000
214.000015
208.500000
409.000000
1.750000
248.000000
2.000000
266.000000
4.180000
498.500000
498.999969
256.000000
0.870000
374.500000
24.500000
184.000000
1.860000
262.000000
14.500000
108.500000
1.700000
462.000000
78.000000
325.500000
3.740000
365.500000
176.500000
317.000000
2.300000
311.000000
12.500000
381.500000
2.510000
24.000000
9.500000
201.500015
2.170000
97.500000
220.500000
196.500000
4.790000
18.500000
398.500000
121.500000
0.440000
484.000000
260.500000
56.000000
0.090000
147.000000
213.500000
377.000000
1.150000
459.000000
368.000000
263.500000
2.330000
421.500000
204.500000
429.500000
3.180000
481.500000
275.000000
282.000000
1.140000
277.500000
246.000000
293.500000
1.250000
75.000000
207.000000
301.500000
1.560000
406.500000
351.500000
156.000000
4.660000
62.000000
295.000000
75.000000
4.950000
244.000000
187.500000
419.999969
4.020000
352.500000
401.000031
313.500000
2.270000
163.500000
138.500000
18.000000
2.710000
198.000000
18.500000
173.000000
2.080000
129.000000
13.000000
50.500000
1.410000
146.000000
189.000000
181.000000
3.240000
243.500000
304.500000
348.500000
0.240000
18.000000
466.500000
480.000031
2.780000
23.000000
252.500015
14.000000
1.070000
381.500000
483.000000
210.500000
1.470000
408.500000
358.000000
138.000000
1.530000
458.500000
343.500000
347.500000
0.300000
230.500000
347.500000
426.000031
2.840000
423.999969
20.500000
309.000000
0.800000
210.999985
71.500000
216.500000
2.670000
438.500031
135.500000
384.000000
3.280000
287.000000
92.000000
260.500000
2.890000
168.000000
308.000000
166.000000
1.020000
303.500000
346.500000
165.500000
1.940000
409.000000
2.500000
104.999992
2.110000
300.500000
285.500000
400.500000
3.400000
172.000000
3.500000
32.000000
3.450000
455.499969
71.000000
231.500000
0.160000
161.500000
347.000000
8.000000
1.360000
68.500000
332.000000
49.500000
2.710000
248.000000
256.500000
398.500000
0.220000
361.500000
220.500000
402.000000
2.050000
111.000000
68.500000
487.000000
1.020000
421.000000
468.500000
410.000000
0.740000
435.500000
95.000000
174.500000
4.630000
324.000000
87.500000
289.500000
3.630000
206.500000
300.500000
346.000000
1.070000
101.000000
494.999969
464.500000
0.470000
43.000000
128.000000
233.999985
3.580000
162.000000
38.500000
206.500000
4.610000
9.500000
266.500000
408.000000
2.700000
109.500000
138.500000
182.500000
3.180000
172.500000
304.000000
330.000000
3.950000
394.000000
113.500000
212.500000
0.680000
343.000000
248.499985
366.000000
0.740000
84.500000
45.000000
408.500000
3.900000
21.000000
8.500000
270.500000
4.880000
15.000001
123.000000
261.000000
4.080000
466.000000
477.000000
23.000000
4.090000
248.000000
144.000000
401.500000
1.770000
463.000000
294.000000
334.500000
3.290000
75.500000
142.000000
144.500000
1.690000
387.500000
229.500000
411.000000
0.930000
316.500000
346.000000
313.500000
0.380000
298.000000
271.500000
449.500000
1.080000
63.500000
372.000000
407.000031
0.700000
119.000008
29.499998
495.500000
0.310000
181.500000
67.500000
41.500000
3.240000
329.000000
413.500031
0.000000
2.700000
113.500000
3.500000
154.500000
4.730000
41.500000
69.000000
196.500000
3.390000
58.499996
199.500000
199.500000
4.070000
8.000000
343.000000
482.499969
3.340000
285.500000
314.500000
72.500000
4.400000
261.500000
276.500000
94.500000
3.780000
192.500000
464.000000
136.000000
1.110000
280.500000
33.000000
42.500000
2.470000
113.500000
29.499998
0.500000
0.580000
185.500000
411.499969
314.000000
0.060000
275.000000
411.000000
377.500000
2.760000
200.000000
435.500000
427.000000
3.080000
386.000000
319.000000
347.000000
2.840000
200.000000
357.000000
98.000000
0.040000
323.500000
253.500015
40.000000
1.600000
139.000000
207.500000
389.000000
2.140000
117.999992
391.500000
0.000000
0.750000
319.000000
421.000000
93.000000
0.150000
26.499998
388.000000
481.500000
1.040000
69.500000
445.500000
477.000000
0.930000
406.000000
491.000000
8.500000
4.370000
24.000000
94.500000
23.000000
2.900000
287.000000
463.500031
269.500000
0.580000
477.500000
411.499969
103.500000
2.440000
400.500000
126.500000
393.500000
4.460000
253.500015
50.000000
239.500000
0.100000
105.999992
140.500000
438.000000
4.210000
200.000000
161.000000
201.000000
0.700000
86.000000
169.500000
159.500000
0.070000
238.000015
101.000000
262.500000
0.370000
159.000000
456.500000
426.500000
3.740000
416.000000
142.000000
392.000000
4.310000
197.500000
112.000000
244.000000
4.670000
419.500031
68.000000
331.500000
3.490000
240.500000
284.500000
496.000000
2.240000
351.500000
186.000000
409.000000
4.510000
29.000000
34.000000
58.999996
0.760000
229.000000
273.500000
448.000000
3.720000
114.000000
98.000000
405.499969
4.420000
459.499969
345.000000
35.500000
3.890000
82.500000
94.000000
40.500000
4.050000
163.000000
267.500000
55.500000
4.220000
388.000000
301.500000
328.500000
3.880000
434.499969
279.000000
152.000000
4.570000
408.000000
264.000000
425.000000
2.970000
432.000031
62.500000
86.000000
4.390000
394.000000
224.000000
160.000000
4.690000
25.000000
224.499985
487.000000
1.610000
356.000000
52.999996
196.500000
1.960000
375.000000
491.500000
239.000015
3.310000
104.000000
380.000000
300.000000
1.570000
110.500000
117.999992
354.500000
1.420000
256.000000
9.000000
264.500000
2.930000
166.000000
205.000000
57.500000
4.050000
338.500000
405.000031
332.000000
0.360000
315.000000
65.000000
275.500000
2.070000
256.000000
441.500000
213.000015
0.540000
199.500000
3.000000
447.500000
1.070000
146.500000
209.999985
199.500000
0.420000
221.499985
66.000000
314.500000
4.750000
309.500000
156.000000
408.500000
2.620000
164.500000
358.500000
115.500000
4.610000
386.500000
184.000000
489.000000
1.930000
413.500031
278.500000
335.000000
2.050000
15.000001
314.000000
117.499992
2.580000
194.500000
353.000000
489.500000
3.030000
370.000000
84.000000
4.000000
3.330000
125.000000
243.500000
204.000000
3.490000
268.000000
429.500000
480.499969
1.700000
177.500000
466.000000
123.500000
3.170000
308.500000
471.999969
20.000000
2.670000
318.500000
355.500000
444.000000
2.670000
67.500000
463.000000
261.500000
1.600000
435.000000
10.500000
282.000000
0.850000
461.000000
266.000000
251.500015
1.930000
329.500000
352.500000
304.000000
1.830000
299.000000
54.000004
58.000000
2.570000
370.000000
24.000000
449.500000
2.080000
208.999985
149.500000
241.000015
3.510000
312.000000
311.500000
282.000000
4.140000
179.000000
281.500000
185.000000
3.910000
410.000000
366.500000
145.000000
0.500000
73.500000
255.000000
34.000000
0.480000
255.500000
116.000000
165.500000
0.110000
402.000000
227.000000
380.500000
2.350000
54.500000
448.999969
335.500000
1.860000
290.500000
335.000000
390.500000
4.100000
191.000000
80.000000
242.500000
0.950000
215.000015
268.500000
221.000000
1.470000
390.000000
97.000000
244.000000
3.170000
459.499969
286.500000
135.000000
4.060000
342.000000
46.500000
51.500000
2.940000
438.500031
380.500000
139.000000
3.910000
62.500000
310.000000
265.500000
0.290000
353.500000
116.000000
30.500000
1.890000
35.500000
15.000001
356.500000
3.800000
138.000000
157.500000
393.500000
4.960000
30.500000
63.000000
380.500000
3.220000
335.000000
66.500000
263.000000
4.380000
44.500000
473.000000
129.000000
3.120000
206.500000
416.500000
321.000000
2.750000
138.500000
230.000000
464.500000
2.390000
398.500000
450.000000
281.500000
2.930000
206.500000
22.000000
160.000000
4.640000
243.000000
286.500000
46.000000
3.780000
401.000031
148.500000
334.000000
0.230000
485.000000
37.500000
316.000000
1.920000
130.000000
111.500000
40.500000
3.680000
367.500000
474.500000
232.500000
0.160000
177.000000
251.000000
29.499998
4.350000
392.500000
396.000000
319.500000
3.080000
214.000015
29.000000
35.500000
2.540000
27.000002
227.000000
185.500000
0.120000
220.000000
289.500000
390.000000
4.040000
190.000000
245.500000
116.999992
3.890000
352.500000
499.500000
435.500000
2.850000
283.000000
61.500000
107.000008
3.190000
221.000000
334.500000
67.000000
4.600000
399.000000
353.500000
246.499985
4.900000
85.500000
413.500031
266.500000
2.900000
350.000000
392.000000
271.500000
2.770000
489.000000
473.000000
471.999969
1.680000
299.500000
470.500000
312.000000
4.170000
277.500000
324.500000
203.000000
1.120000
280.000000
258.500000
102.500000
4.480000
96.000000
96.500000
421.500000
4.760000
449.500000
353.000000
354.500000
3.610000
396.000000
309.500000
481.500000
1.300000
137.500000
59.500004
56.500000
4.370000
223.499985
208.000000
214.500000
3.400000
259.000000
97.000000
338.000000
2.400000
222.499985
65.000000
475.000000
0.160000
283.500000
412.000000
331.000000
2.450000
276.500000
206.000000
47.000000
3.710000
273.000000
132.500000
492.000000
4.240000
102.500000
36.500000
446.999969
4.530000
181.500000
379.500000
115.500000
1.130000
357.000000
323.000000
157.500000
2.660000
481.000000
482.499969
456.000000
0.900000
419.500031
382.500000
256.500000
3.880000
184.500000
206.000000
198.000000
3.340000
18.000000
383.000000
405.000031
0.530000
332.000000
431.500000
330.500000
4.480000
211.500000
99.000000
406.500000
3.600000
473.000000
440.000000
449.500000
4.120000
337.000000
166.000000
315.000000
4.190000
209.999985
216.000015
351.500000
1.780000
249.499985
224.499985
190.500000
3.400000
206.500000
296.500000
298.000000
1.920000
94.500000
2.500000
462.000000
4.560000
419.999969
325.000000
69.500000
0.740000
479.000000
257.000000
5.500000
3.710000
467.000000
360.500000
114.000000
2.030000
26.499998
138.500000
75.500000
3.900000
290.500000
259.000000
398.500000
2.790000
7.500000
459.499969
397.500000
1.050000
406.500000
340.500000
283.500000
2.840000
61.000000
227.000000
160.000000
1.240000
296.500000
127.000000
128.000000
0.200000
208.999985
353.500000
103.500000
3.360000
454.500000
201.500015
358.000000
4.340000
305.500000
61.000000
334.000000
3.860000
30.000002
408.500000
398.500000
4.450000
241.500000
478.500000
370.000000
3.420000
203.500015
465.000000
364.500000
0.390000
386.500000
35.500000
81.500000
4.410000
187.000000
386.000000
84.000000
0.670000
355.500000
489.500000
329.500000
0.180000
87.000000
393.500000
353.000000
2.190000
334.500000
173.500000
94.000000
4.480000
439.000000
199.000000
473.500000
4.950000
177.000000
120.500008
344.000000
3.260000
454.500000
32.500000
440.500031
0.590000
423.999969
61.500000
284.500000
2.940000
283.000000
252.500015
75.000000
4.760000
19.000000
80.500000
287.500000
1.100000
454.500000
100.000000
93.000000
3.470000
424.500000
372.500000
365.000000
0.280000
388.500000
268.000000
37.500000
0.250000
426.000031
248.499985
324.000000
0.560000
376.500000
113.500000
203.000000
3.170000
442.000000
94.500000
97.000000
4.050000
108.000008
351.000000
58.499996
4.760000
85.500000
200.500015
354.000000
2.190000
138.500000
90.000000
367.000000
4.800000
300.500000
235.500000
398.000000
0.100000
187.500000
120.000008
197.000000
1.010000
380.000000
276.500000
160.000000
0.560000
389.500000
174.500000
300.500000
1.590000
357.000000
106.500008
325.000000
1.110000
283.500000
304.000000
419.000000
4.670000
456.000000
104.499992
250.000000
0.770000
159.500000
234.999985
150.000000
4.460000
439.500000
130.000000
184.000000
1.880000
272.000000
100.500000
246.000000
4.590000
346.500000
37.000000
340.500000
3.700000
142.000000
124.000000
171.000000
3.080000
368.000000
359.000000
278.500000
2.760000
397.500000
309.000000
96.500000
2.230000
311.500000
439.000000
333.500000
0.400000
267.000000
10.000000
110.000000
4.530000
497.500000
209.999985
222.000000
1.900000
247.499985
421.500000
36.500000
4.080000
383.500000
19.500000
329.500000
3.590000
352.500000
3.500000
444.999969
2.490000
58.499996
163.000000
378.500000
1.830000
2.000000
461.000000
355.500000
0.940000
250.500015
432.000031
72.000000
3.860000
176.500000
125.500000
471.500000
3.740000
146.000000
181.000000
383.000000
2.610000
349.500000
133.000000
346.000000
4.320000
97.500000
397.000000
362.500000
3.150000
100.500000
61.500000
308.500000
0.430000
190.500000
118.499992
316.000000
3.350000
220.000000
296.000000
117.999992
4.920000
386.500000
436.499969
204.500000
0.090000
436.499969
263.500000
383.000000
4.580000
209.500000
404.500000
15.500000
2.610000
12.000000
419.999969
141.500000
1.820000
375.000000
364.500000
150.500000
1.440000
168.500000
45.000000
138.000000
1.270000
279.500000
479.500000
124.500000
2.630000
166.500000
351.500000
396.000000
1.060000
350.500000
387.000000
180.500000
0.330000
60.000004
341.500000
183.500000
1.240000
290.000000
423.999969
105.999992
1.810000
239.500000
39.000000
315.000000
1.860000
120.000008
65.500000
280.000000
4.800000
302.500000
306.500000
104.000000
1.050000
385.000000
317.000000
347.000000
0.100000
159.000000
267.500000
227.000000
0.010000
452.000000
476.000031
221.000000
3.980000
293.000000
145.500000
138.000000
4.640000
9.000000
72.500000
14.500000
1.310000
295.000000
382.500000
213.000015
4.380000
254.000000
36.000000
107.000008
2.710000
214.500000
36.000000
329.500000
2.550000
85.500000
92.000000
29.000000
2.510000
112.500000
288.000000
104.499992
0.070000
120.000008
477.000000
287.500000
4.690000
314.500000
299.500000
333.500000
3.430000
34.000000
469.500031
78.000000
1.430000
112.500000
45.000000
343.000000
0.050000
376.500000
361.500000
66.000000
1.950000
215.500000
424.500000
231.000000
4.290000
241.000015
347.500000
194.500000
1.790000
11.000000
260.000000
446.999969
2.310000
96.000000
421.500000
84.000000
0.280000
300.000000
31.500000
412.000000
1.940000
49.000000
153.500000
271.500000
3.720000
122.500000
258.000000
401.000031
1.300000
340.000000
48.000000
497.500000
4.500000
316.000000
133.500000
415.500031
0.400000
360.500000
251.000000
5.000000
1.050000
200.500015
134.500000
361.500000
0.460000
