2.750000
12.500000
27.250000
2.850000
247.000000
34.750000
155.750000
0.230000
194.000000
107.750000
221.499985
4.890000
227.250000
228.500015
203.500015
1.300000
21.000000
194.500000
173.750000
3.480000
62.250000
148.000000
206.750015
1.890000
50.500000
143.250000
248.499985
4.720000
113.750008
181.000000
6.500000
4.020000
245.500000
211.999985
75.000000
4.700000
118.499992
174.500000
211.500000
4.150000
16.750000
201.000000
208.999985
0.940000
36.250000
157.000000
85.750000
3.820000
134.000000
181.000000
218.750000
0.360000
174.500000
89.000000
105.999992
0.370000
84.500000
179.250000
24.250000
4.300000
1.000000
233.999985
246.750000
1.200000
120.250000
19.750000
163.250000
3.340000
102.250000
152.000000
148.500000
0.120000
192.000000
4.750000
80.250000
4.080000
151.250000
184.250000
98.500000
2.480000
172.750000
49.500000
231.250000
3.760000
198.000000
125.750008
228.500015
0.250000
194.500000
79.000000
221.750000
4.660000
118.750000
238.500000
40.750000
1.950000
230.000000
174.000000
126.500000
2.480000
151.000000
104.000000
220.250015
2.420000
242.000000
128.250000
187.500000
3.710000
19.250000
250.000000
21.000000
3.520000
61.000000
194.000000
179.250000
1.480000
135.500000
112.000000
58.250000
1.550000
131.750000
148.500000
36.500000
2.750000
4.500000
9.250000
124.249992
0.860000
68.750000
238.500000
66.250000
2.110000
67.250000
102.000000
142.000000
4.010000
199.000000
7.000000
3.250000
2.440000
137.250000
227.000000
161.750000
1.950000
230.749985
232.250000
151.500000
2.590000
156.500000
203.500015
108.750000
1.140000
156.750000
19.750000
152.750000
3.880000
179.750000
162.500000
128.000000
0.340000
204.749985
238.250000
6.750000
1.350000
203.250000
18.250000
224.499985
2.530000
51.500000
169.750000
70.750000
3.120000
50.000000
224.750000
173.250000
3.510000
203.000000
43.500000
55.500000
4.410000
163.250000
239.500000
105.250000
4.490000
170.500000
234.999985
22.000000
2.470000
147.250000
116.000000
161.250000
3.410000
97.250000
39.250000
225.250000
0.640000
77.000000
211.250000
108.000008
2.360000
113.500000
221.750000
103.500000
2.840000
86.750000
35.750000
105.250000
0.640000
58.749996
217.500000
37.750000
4.370000
172.750000
229.500000
117.999992
1.870000
82.750000
161.750000
202.500015
2.220000
11.000000
89.250000
228.500015
4.930000
214.000015
86.500000
185.000000
4.550000
6.500000
222.750000
42.750000
3.610000
22.500000
110.749992
201.750000
4.890000
8.500000
122.750000
51.000000
1.460000
35.000000
52.499996
63.750000
3.240000
236.750000
182.750000
246.499985
3.260000
76.250000
129.250000
70.250000
3.000000
240.750000
235.999985
113.500000
3.350000
46.250000
217.000000
220.500000
1.910000
159.500000
146.750000
109.500000
3.110000
241.750000
230.000000
202.749985
2.740000
176.500000
197.750000
116.750000
2.880000
178.500000
57.750000
86.500000
0.920000
21.250000
211.250000
184.750000
0.300000
209.999985
109.250000
57.500000
4.920000
155.000000
194.750000
11.250000
1.960000
27.000002
110.749992
103.250000
4.770000
68.750000
62.750000
167.250000
2.360000
190.500000
196.500000
197.500000
2.150000
184.500000
76.750000
137.250000
2.500000
125.250008
201.750000
195.000000
1.580000
110.000000
111.500000
89.000000
0.440000
132.000000
99.500000
230.500000
4.330000
188.750000
90.750000
79.250000
3.720000
231.000000
208.999985
225.000000
2.400000
117.750000
168.500000
170.000000
2.690000
47.500000
139.000000
30.250000
0.020000
241.500000
75.750000
159.000000
1.600000
19.750000
96.500000
150.500000
2.580000
2.250000
114.250008
210.999985
3.750000
117.250000
242.249985
11.500000
1.790000
193.000000
115.000000
187.000000
1.240000
122.750000
110.749992
164.250000
0.250000
121.000000
28.250000
233.000000
4.010000
132.000000
28.500000
33.250000
4.560000
90.500000
180.000000
7.000000
3.230000
15.250000
130.000000
99.000000
3.550000
63.500000
52.999996
14.749999
1.060000
29.249998
138.250000
25.250000
0.060000
185.750000
179.250000
181.750000
1.990000
242.000000
177.000000
2.750000
1.030000
111.249992
193.500000
234.999985
4.030000
153.750000
30.500000
41.250000
0.120000
24.000000
191.250000
102.250000
3.160000
38.250000
84.000000
175.750000
0.230000
8.500000
129.750000
59.249996
3.980000
108.500000
165.250000
67.500000
0.110000
167.250000
144.250000
241.000015
2.000000
203.250000
110.000000
60.750000
1.700000
52.749996
82.500000
99.000000
1.210000
15.250000
102.000000
10.250000
1.310000
199.750000
197.750000
77.250000
0.790000
23.250000
134.250000
83.750000
0.690000
168.000000
45.500000
182.500000
1.750000
51.500000
211.750000
4.000000
2.190000
69.500000
157.250000
19.000000
4.170000
11.500000
190.750000
43.000000
3.360000
9.750000
231.750015
143.750000
2.620000
142.250000
77.750000
149.250000
2.940000
242.500000
38.500000
160.000000
4.410000
230.000000
231.500000
15.250000
2.200000
222.750000
172.250000
66.250000
2.360000
196.500000
8.250000
136.750000
2.700000
226.000000
50.000000
67.250000
1.990000
63.500000
159.000000
11.000000
1.390000
29.499998
97.000000
217.000000
2.160000
34.500000
202.250000
37.000000
0.020000
209.250000
38.250000
106.750000
3.840000
58.499996
221.000000
48.250000
1.190000
19.750000
115.750000
105.999992
2.530000
73.250000
246.000000
6.000000
3.260000
151.750000
22.250000
97.500000
4.760000
13.000000
96.500000
43.750000
0.310000
24.500000
134.250000
143.250000
1.380000
201.500015
45.750000
124.500000
4.860000
6.500000
139.500000
202.749985
0.750000
50.250000
223.499985
182.000000
4.340000
154.500000
49.750000
226.000000
0.680000
118.250000
192.250000
222.000000
4.770000
94.750000
193.250000
218.000000
0.450000
90.000000
30.750000
208.500000
2.980000
7.250000
35.250000
12.000000
0.580000
108.250000
206.500000
47.750000
2.900000
91.250000
19.250000
78.000000
4.500000
4.750000
187.000000
234.750015
4.590000
189.750000
0.250000
194.250000
0.990000
10.500000
207.750015
14.250000
1.330000
219.000000
115.000000
198.250000
1.780000
113.000000
147.500000
126.500000
3.390000
157.250000
109.500000
205.500000
3.790000
229.500000
108.250000
131.000000
4.840000
218.249985
106.250000
9.500000
1.090000
113.000000
152.500000
146.000000
2.000000
237.250000
111.249992
58.749996
3.280000
203.500015
97.000000
50.500000
3.200000
171.750000
143.000000
86.500000
2.180000
210.500000
209.750015
238.750000
3.760000
85.000000
19.000000
186.250000
2.650000
180.250000
18.000000
68.250000
1.570000
176.000000
248.000000
184.250000
2.350000
22.000000
171.500000
42.000000
4.990000
207.750015
211.250000
79.250000
4.180000
105.999992
206.500000
117.999992
4.900000
83.000000
249.250000
77.500000
4.770000
34.000000
5.750000
173.000000
3.540000
185.250000
126.000000
77.500000
0.710000
32.250000
30.000002
57.000000
4.250000
119.500008
93.000000
135.000000
3.790000
5.750000
137.750000
235.999985
1.060000
179.000000
113.500000
243.249985
0.970000
71.000000
77.000000
191.500000
1.180000
65.000000
75.750000
159.000000
1.400000
244.500000
219.000000
111.000000
2.390000
152.250000
12.000000
31.750000
0.070000
234.999985
14.250000
99.000000
4.210000
119.750000
158.500000
224.499985
1.570000
177.500000
88.750000
94.500000
3.000000
144.750000
117.499992
117.499992
1.690000
25.250000
91.500000
116.000000
2.020000
213.750000
14.749999
83.250000
2.670000
208.999985
241.500000
238.250000
2.240000
162.000000
9.750000
164.500000
0.640000
8.500000
168.500000
198.750000
3.020000
46.000000
145.750000
42.000000
0.720000
158.750000
21.750000
239.000015
2.820000
148.000000
22.500000
115.250000
1.080000
168.500000
78.500000
173.750000
0.590000
40.750000
193.750000
79.250000
0.870000
53.250004
175.000000
43.750000
1.160000
190.500000
3.250000
67.000000
4.020000
216.500000
164.500000
231.750015
4.480000
185.500000
175.000000
207.000000
0.800000
79.500000
144.000000
225.750000
0.730000
96.750000
47.500000
59.249996
0.590000
143.250000
156.500000
215.750000
0.250000
173.250000
226.000000
89.000000
2.030000
44.250000
15.750000
20.250000
2.470000
247.250015
244.750000
96.250000
3.520000
96.500000
237.250000
194.000000
3.590000
56.750000
168.250000
233.999985
0.250000
27.250000
55.750000
166.750000
0.150000
51.250000
95.250000
103.500000
0.390000
233.000000
139.750000
198.750000
1.650000
22.500000
40.750000
149.250000
1.860000
23.250000
219.500000
97.250000
3.730000
23.250000
88.750000
85.000000
1.180000
227.000000
95.750000
150.750000
2.560000
96.250000
231.750015
49.000000
0.150000
163.750000
68.000000
176.500000
1.750000
2.500000
54.000004
195.000000
1.420000
177.250000
117.999992
31.500000
3.610000
115.250000
38.750000
193.000000
1.830000
223.000000
201.000000
74.750000
0.710000
244.000000
23.750000
145.500000
0.770000
194.250000
210.999985
89.250000
1.810000
104.499992
23.000000
40.750000
3.310000
225.250000
134.250000
56.750000
3.430000
241.000015
114.000000
44.500000
0.260000
225.500015
207.250000
111.249992
2.180000
144.500000
2.750000
196.500000
2.130000
16.000000
151.500000
123.000000
2.380000
65.750000
74.000000
102.750000
4.780000
93.000000
211.750000
132.000000
3.070000
49.000000
186.000000
9.250000
3.260000
155.250000
116.999992
163.500000
0.190000
90.750000
149.500000
157.000000
3.270000
200.750000
34.250000
87.500000
1.640000
101.750008
201.500015
216.750000
3.600000
218.000000
90.250000
99.500000
4.950000
246.250015
14.500000
192.500000
2.370000
108.000008
237.750000
206.500000
0.160000
130.250000
47.500000
150.250000
3.250000
156.250000
74.000000
104.999992
4.460000
241.750000
19.500000
182.750000
4.500000
67.500000
134.750000
231.000000
1.470000
212.750000
72.250000
89.000000
3.890000
101.250008
61.750000
180.750000
2.810000
24.250000
172.500000
46.250000
1.480000
233.000000
205.500000
176.000000
3.220000
149.000000
104.750000
70.750000
0.240000
4.500000
154.500000
177.500000
1.660000
116.000000
136.250000
235.500000
3.720000
114.750000
239.500000
182.250000
1.360000
235.500000
53.500004
126.250008
3.330000
145.500000
188.250000
149.500000
2.610000
189.250000
43.000000
141.750000
4.730000
235.750000
240.500000
91.500000
1.510000
87.000000
104.499992
90.750000
4.940000
117.999992
152.000000
231.000000
0.600000
170.000000
94.250000
222.000000
2.430000
22.000000
53.250004
152.250000
0.280000
110.749992
69.000000
155.000000
0.960000
22.500000
183.750000
239.500000
1.220000
63.500000
123.249992
234.500000
2.490000
24.500000
46.250000
124.249992
2.640000
27.000002
213.250000
58.250000
1.750000
55.000000
2.750000
118.250000
1.230000
108.000008
159.000000
63.000000
1.820000
110.250000
226.250000
89.000000
4.350000
195.500000
159.750000
111.500000
0.530000
228.749985
90.000000
173.000000
0.720000
34.250000
210.500000
175.000000
2.810000
200.000000
168.250000
66.500000
1.290000
33.750000
215.249985
167.250000
0.770000
132.500000
236.750000
130.000000
0.730000
168.500000
28.500000
157.000000
3.830000
208.750015
66.500000
10.500000
0.900000
79.000000
102.750000
12.000000
3.550000
33.750000
225.250000
175.500000
1.400000
73.250000
88.500000
92.500000
4.500000
202.250000
45.500000
95.250000
1.480000
155.750000
78.250000
139.000000
0.890000
190.500000
143.250000
43.750000
4.510000
138.000000
204.250000
114.000000
1.130000
37.000000
144.250000
172.750000
2.590000
18.000000
109.500000
86.000000
1.210000
150.250000
116.000000
159.000000
3.750000
151.000000
92.500000
145.750000
3.060000
31.000000
10.750000
244.000000
4.420000
239.750000
190.750000
158.500000
2.640000
195.250000
171.250000
89.750000
0.170000
221.000000
171.500000
73.750000
2.060000
206.750015
121.000000
217.249985
0.170000
67.500000
192.250000
172.000000
1.430000
246.750000
117.750000
89.750000
0.510000
153.000000
241.500000
138.500000
0.700000
210.250000
106.500008
247.250015
0.470000
48.500000
241.249985
5.000000
3.320000
136.500000
214.000015
103.500000
3.580000
235.999985
166.500000
204.749985
2.740000
20.000000
236.500000
140.750000
0.650000
15.250000
33.250000
240.249985
2.860000
66.750000
111.500000
121.500000
2.640000
199.000000
106.500008
169.000000
0.400000
153.250000
217.249985
11.750000
4.290000
79.250000
169.750000
119.500008
0.920000
196.250000
140.000000
122.250000
2.780000
168.750000
213.000015
85.000000
3.940000
120.500008
5.000000
208.999985
1.320000
0.000000
65.000000
186.500000
0.870000
113.000000
187.500000
226.750000
3.300000
74.250000
178.000000
165.250000
2.800000
216.750000
238.750000
198.000000
3.700000
60.750000
84.750000
206.000000
4.160000
145.000000
196.250000
104.999992
4.060000
104.999992
216.500000
7.250000
2.200000
92.750000
152.750000
108.250000
4.590000
91.250000
138.750000
171.500000
0.510000
161.000000
146.500000
49.750000
3.880000
231.750015
196.250000
216.249985
1.300000
30.000002
92.750000
34.000000
0.800000
72.000000
213.750000
78.750000
0.470000
130.750000
170.250000
14.500000
0.910000
179.750000
186.000000
159.500000
3.770000
162.250000
231.250000
28.750000
2.130000
142.750000
173.000000
15.750000
2.600000
178.250000
116.000000
121.000000
2.990000
120.500008
137.250000
124.000000
1.970000
232.000000
28.750000
105.499992
1.860000
190.500000
18.250000
0.250000
2.030000
73.750000
228.749985
132.000000
0.060000
142.750000
64.500000
206.500000
3.590000
196.000000
135.500000
98.000000
4.910000
123.749992
122.500000
3.500000
1.660000
89.500000
66.500000
24.500000
2.460000
92.500000
95.000000
34.750000
0.690000
100.750008
20.500000
198.750000
2.380000
210.750000
211.500000
91.500000
1.690000
20.750000
196.750000
94.750000
1.410000
28.500000
30.750000
92.500000
3.340000
68.750000
87.500000
180.500000
3.940000
169.500000
192.750000
145.750000
4.910000
144.750000
111.500000
215.500000
4.320000
247.000000
149.000000
124.249992
1.940000
174.500000
170.750000
154.500000
3.110000
109.250000
241.000015
121.000000
2.050000
108.250000
226.250000
175.750000
3.170000
236.500000
131.500000
224.499985
2.470000
47.000000
85.000000
93.250000
2.650000
82.750000
8.000000
151.000000
2.310000
101.250008
191.750000
151.750000
2.850000
217.249985
62.500000
96.250000
2.990000
197.000000
240.249985
118.250000
2.980000
146.500000
224.250000
2.750000
3.470000
230.500000
245.750000
84.000000
3.660000
16.000000
30.250000
37.250000
4.030000
103.500000
20.000000
74.750000
2.510000
214.250000
193.750000
153.750000
3.530000
241.249985
157.000000
162.250000
3.510000
119.250000
18.750000
183.500000
1.860000
238.000015
133.750000
120.500008
4.110000
198.000000
95.000000
10.750000
4.910000
106.750000
143.500000
18.000000
2.480000
232.250000
127.500000
61.250000
2.910000
153.500000
244.000000
183.250000
0.350000
214.250000
109.750000
52.749996
1.960000
103.250000
184.000000
12.250000
1.000000
0.750000
200.500015
214.000015
2.200000
191.250000
83.000000
180.750000
1.940000
55.750000
22.750000
116.999992
4.180000
30.750000
68.500000
244.500000
2.450000
100.250008
191.000000
105.750000
4.630000
69.500000
67.500000
30.500000
0.120000
83.000000
102.250000
158.000000
2.700000
236.500000
93.000000
88.250000
0.270000
127.000000
26.249998
161.250000
0.440000
91.250000
162.750000
4.000000
2.040000
61.500000
96.250000
152.750000
0.680000
4.000000
145.000000
84.500000
1.580000
134.750000
39.500000
74.000000
2.490000
232.250000
196.000000
233.000000
2.050000
120.250000
17.250000
57.500000
1.610000
211.750000
230.749985
28.750000
0.410000
195.000000
150.250000
160.750000
2.730000
231.500000
156.250000
49.750000
1.220000
90.250000
154.250000
213.500000
0.670000
102.250000
192.000000
179.250000
0.150000
15.750000
44.750000
200.500015
2.460000
46.000000
176.000000
209.500000
4.570000
226.000000
120.500008
52.499996
2.200000
109.250000
153.000000
27.750000
3.830000
1.750000
160.500000
192.500000
3.880000
178.000000
109.250000
80.750000
1.540000
15.000001
87.500000
121.750000
1.010000
92.750000
186.500000
90.750000
4.600000
40.000000
129.750000
78.500000
3.270000
40.750000
65.750000
133.250000
4.310000
231.000000
45.250000
38.750000
0.770000
149.500000
59.750004
98.250000
2.050000
77.250000
197.250000
132.750000
2.500000
5.750000
225.000000
180.000000
1.230000
242.750000
88.000000
96.500000
3.370000
149.750000
50.500000
84.000000
0.630000
37.500000
217.249985
250.000000
3.340000
204.250000
199.750000
47.750000
3.120000
0.750000
42.500000
6.750000
3.300000
128.500000
110.749992
174.250000
0.910000
66.750000
201.750000
203.000000
3.870000
232.750015
218.500000
101.250008
0.750000
229.500000
83.750000
18.000000
0.050000
6.250000
115.500000
28.500000
0.110000
203.250000
16.750000
49.000000
2.810000
230.250000
121.750000
249.750000
2.110000
15.750000
99.500000
160.250000
2.470000
165.750000
175.500000
10.250000
2.400000
83.250000
233.250000
152.750000
4.980000
31.000000
212.750000
51.000000
4.860000
98.000000
120.750000
45.500000
4.130000
169.750000
171.500000
62.500000
4.210000
149.250000
55.750000
23.750000
2.570000
5.250000
19.000000
155.500000
0.600000
173.500000
70.250000
47.000000
1.730000
22.500000
16.250000
113.500000
2.760000
237.750000
20.750000
143.500000
3.590000
15.750000
92.000000
157.500000
0.390000
19.500000
178.250000
233.500000
4.420000
154.750000
204.000000
113.500000
2.250000
36.500000
29.499998
184.250000
0.200000
123.749992
171.750000
171.250000
4.080000
169.750000
111.749992
178.250000
4.200000
100.750008
172.750000
228.749985
4.420000
174.500000
43.500000
166.500000
2.130000
61.000000
200.750000
51.500000
2.540000
82.750000
89.500000
114.750000
0.360000
117.499992
173.000000
60.500000
1.770000
126.000000
68.000000
17.250000
3.000000
121.000000
54.500000
153.250000
2.270000
234.500000
247.750000
92.750000
3.760000
60.500000
77.250000
38.000000
4.080000
153.750000
15.750000
57.750000
4.770000
63.250000
158.750000
51.250000
3.600000
241.000015
3.750000
118.250000
4.220000
39.000000
116.000000
20.750000
4.590000
228.250000
220.500000
24.500000
3.990000
122.500000
50.250000
197.000000
0.150000
29.499998
54.250000
242.000000
3.970000
137.250000
188.250000
43.000000
4.610000
102.250000
20.000000
130.750000
1.360000
112.000000
46.000000
227.500015
4.180000
164.750000
173.500000
83.500000
4.920000
106.750000
30.250000
181.500000
3.670000
202.000000
220.000000
184.250000
4.930000
130.000000
186.250000
18.000000
0.900000
67.000000
93.000000
104.250000
2.130000
155.000000
159.500000
49.250000
4.080000
46.500000
124.249992
29.249998
3.560000
135.250000
86.250000
73.000000
2.020000
23.500000
101.500000
63.250000
0.120000
17.500000
240.750000
216.750000
4.230000
7.000000
101.500000
70.000000
2.260000
168.000000
65.750000
217.750000
4.930000
224.250000
109.250000
239.750000
4.270000
248.250000
1.250000
166.750000
1.880000
11.750000
14.000000
241.750000
4.640000
188.500000
146.500000
150.500000
1.160000
20.250000
143.750000
72.500000
0.180000
41.750000
230.000000
120.750000
1.700000
85.500000
202.000000
151.500000
4.160000
85.750000
202.250000
135.500000
0.810000
162.000000
150.000000
0.750000
1.090000
74.500000
220.750000
75.000000
1.530000
56.000000
177.250000
101.250008
4.650000
216.500000
53.500004
24.750000
0.840000
223.499985
38.500000
169.750000
0.220000
91.750000
58.499996
192.250000
1.760000
245.250015
225.750000
177.250000
1.550000
175.500000
118.750000
231.250000
4.430000
157.000000
248.499985
203.500015
1.100000
116.000000
181.750000
140.000000
1.780000
155.000000
35.000000
88.000000
1.370000
122.250000
226.750000
183.500000
4.460000
51.000000
245.500000
110.749992
3.050000
220.000000
180.750000
232.250000
3.260000
143.750000
179.000000
56.750000
0.050000
1.500000
115.250000
34.000000
4.800000
218.750000
121.000000
58.749996
2.460000
180.250000
60.750000
32.250000
3.620000
31.000000
179.000000
159.000000
0.270000
0.500000
162.500000
248.750000
1.700000
221.000000
39.750000
12.000000
0.170000
53.500004
142.750000
163.250000
4.310000
171.750000
53.750004
162.250000
4.980000
137.750000
201.250000
128.000000
1.190000
22.250000
220.250015
6.250000
1.000000
148.000000
75.250000
109.500000
0.260000
58.999996
0.750000
233.500000
0.550000
219.750000
0.500000
147.750000
3.440000
183.250000
116.999992
3.000000
3.900000
229.000000
67.750000
27.500000
4.210000
18.500000
209.500000
210.999985
4.390000
114.250008
213.500000
99.500000
3.100000
161.000000
50.000000
197.750000
1.410000
42.250000
203.749985
165.500000
4.100000
111.249992
210.250000
193.750000
3.110000
156.250000
157.750000
245.000000
2.760000
121.250000
238.500000
7.250000
2.130000
88.500000
105.999992
121.250000
2.470000
40.500000
189.750000
132.000000
1.060000
220.500000
81.000000
89.500000
4.260000
158.250000
114.500000
129.250000
4.970000
26.249998
68.000000
181.750000
1.770000
160.000000
236.999985
83.250000
4.590000
11.250000
75.250000
23.750000
0.020000
68.250000
136.250000
212.250000
2.590000
116.250000
167.750000
44.250000
0.840000
10.500000
208.000000
134.000000
1.490000
69.500000
193.000000
176.250000
0.530000
5.500000
205.000000
127.750000
2.730000
22.000000
132.750000
75.500000
0.150000
94.250000
143.000000
157.250000
3.360000
127.250000
141.000000
39.000000
4.720000
239.500000
43.250000
164.250000
2.680000
54.500000
138.750000
150.000000
1.300000
132.500000
94.500000
86.250000
3.890000
232.750015
199.250000
6.750000
1.130000
126.250008
179.000000
129.500000
2.500000
92.000000
189.500000
3.250000
1.320000
102.500000
94.500000
200.750000
2.460000
237.250000
149.750000
82.250000
0.600000
199.250000
125.750008
175.000000
1.520000
36.250000
165.500000
228.000000
1.050000
78.250000
232.750015
4.250000
2.210000
104.750000
92.000000
150.000000
1.410000
176.000000
130.000000
84.500000
4.710000
5.750000
122.000000
6.500000
0.560000
171.500000
7.000000
26.499998
3.680000
82.250000
107.250000
132.000000
3.700000
246.250015
219.750000
32.000000
1.960000
203.250000
104.000000
189.000000
3.460000
201.750000
188.750000
131.750000
1.040000
89.750000
73.500000
244.750000
4.920000
28.750000
202.500015
170.750000
2.580000
225.750000
75.750000
247.499985
3.380000
204.749985
149.500000
175.250000
1.560000
111.249992
29.750002
170.250000
4.140000
161.000000
213.000015
104.250000
0.570000
36.250000
87.250000
248.250000
3.170000
22.000000
14.500000
225.000000
1.820000
232.500000
173.500000
115.750000
4.480000
56.000000
27.000002
28.000000
1.050000
104.499992
221.499985
125.750008
2.500000
22.500000
41.250000
135.000000
4.290000
31.000000
26.000000
49.250000
3.370000
206.750015
110.500000
53.250004
0.620000
76.250000
141.000000
5.750000
1.020000
227.000000
248.750000
18.250000
1.590000
100.750008
196.750000
142.750000
1.100000
45.500000
234.250000
9.250000
1.750000
202.250000
6.000000
178.000000
0.890000
178.000000
3.250000
70.000000
1.850000
6.000000
164.500000
242.500000
4.030000
130.000000
36.250000
121.250000
2.130000
138.000000
184.750000
234.750015
3.060000
50.750000
112.249992
91.250000
3.180000
72.500000
158.750000
142.250000
4.020000
202.250000
6.250000
61.750000
3.030000
20.750000
204.749985
177.500000
2.700000
22.500000
92.000000
92.250000
1.900000
142.750000
90.750000
225.250000
3.920000
226.250000
165.250000
210.999985
1.770000
175.750000
97.750000
158.500000
2.580000
146.500000
129.000000
169.250000
4.070000
48.750000
34.750000
183.750000
3.730000
213.000015
129.000000
110.749992
1.000000
20.000000
116.999992
217.750000
3.350000
141.250000
231.750015
40.750000
3.810000
70.000000
227.000000
94.750000
3.150000
74.000000
91.250000
188.250000
1.050000
87.250000
168.000000
107.000008
1.060000
214.750000
124.000000
72.250000
1.570000
71.750000
127.000000
141.000000
2.850000
64.000000
137.500000
28.250000
0.410000
233.750015
121.500000
196.000000
4.430000
35.250000
148.250000
33.250000
2.680000
110.500000
204.500000
68.000000
4.970000
185.000000
226.000000
13.750000
3.080000
227.000000
245.750000
45.750000
0.220000
123.249992
224.250000
84.000000
1.600000
191.750000
14.000000
141.000000
2.340000
92.250000
2.000000
231.000000
2.820000
20.000000
187.750000
197.250000
0.730000
188.750000
185.750000
216.750000
3.330000
109.000000
48.500000
49.250000
1.940000
169.750000
215.249985
176.750000
2.740000
23.750000
222.000000
244.750000
4.020000
222.499985
174.250000
214.250000
2.840000
99.750000
234.250000
181.000000
0.250000
249.750000
163.250000
97.000000
2.450000
195.500000
179.750000
58.250000
3.350000
134.500000
239.750000
133.750000
3.330000
103.000000
244.500000
195.750000
3.720000
188.750000
58.499996
194.750000
2.630000
113.750008
249.250000
226.250000
4.580000
95.250000
86.750000
119.500008
0.690000
246.250015
34.750000
129.250000
0.960000
154.500000
10.000000
218.000000
2.260000
17.250000
104.499992
105.499992
4.540000
189.500000
7.250000
121.000000
0.900000
153.500000
236.750000
218.750000
0.300000
68.250000
204.500000
48.750000
1.080000
9.250000
5.750000
67.250000
1.300000
57.750000
244.250015
235.250000
4.290000
103.500000
58.250000
173.250000
2.010000
91.250000
219.250015
161.750000
1.900000
201.000000
179.250000
233.250000
4.750000
235.250000
172.000000
95.000000
0.010000
197.000000
114.000000
16.250000
1.820000
184.250000
138.000000
196.500000
4.090000
246.250015
247.499985
98.750000
4.750000
225.250000
45.500000
25.500000
2.430000
153.500000
155.750000
172.250000
4.160000
144.500000
217.000000
11.000000
1.800000
102.000000
146.750000
140.500000
3.690000
237.500000
166.000000
67.000000
0.400000
127.500000
56.500000
108.000008
1.660000
196.250000
212.500000
242.000000
2.430000
183.750000
72.000000
20.750000
4.750000
62.250000
75.250000
181.750000
1.740000
202.250000
72.000000
121.000000
2.410000
130.500000
165.500000
208.250000
0.020000
19.000000
143.750000
96.500000
4.280000
160.750000
158.250000
210.250000
1.480000
111.749992
6.500000
148.000000
2.410000
78.000000
215.000015
68.000000
4.570000
7.250000
154.750000
155.250000
2.290000
17.250000
153.000000
159.250000
4.430000
197.000000
144.500000
2.500000
0.940000
98.750000
212.500000
25.000000
2.440000
207.250000
200.500015
107.750000
1.690000
135.500000
119.250000
92.750000
4.360000
127.250000
247.750000
146.500000
0.900000
21.000000
102.250000
219.000000
2.690000
226.750000
13.249999
142.500000
4.690000
153.750000
83.000000
206.500000
2.520000
225.500015
103.750000
185.250000
0.210000
15.500000
72.000000
12.750000
2.550000
62.500000
56.750000
183.750000
2.230000
25.000000
70.500000
62.750000
3.890000
240.249985
141.500000
183.000000
4.200000
199.750000
14.500000
68.500000
0.690000
57.500000
242.500000
111.500000
3.370000
68.500000
171.250000
152.250000
3.700000
68.000000
192.000000
25.500000
3.870000
79.500000
127.250000
67.250000
1.660000
55.750000
45.000000
21.000000
1.520000
43.500000
218.750000
62.500000
0.670000
143.250000
75.250000
23.500000
0.500000
87.250000
210.750000
34.250000
3.220000
225.750000
80.750000
194.000000
2.010000
40.500000
207.750015
237.250000
0.430000
94.250000
59.249996
1.000000
3.760000
38.500000
181.000000
179.000000
2.770000
100.000000
8.500000
121.000000
1.300000
19.500000
122.500000
130.000000
3.940000
118.250000
79.750000
55.000000
0.290000
206.000000
52.249996
114.500000
1.630000
30.500000
109.000000
142.500000
4.520000
199.250000
35.250000
229.500000
2.850000
49.750000
0.000000
158.250000
3.970000
240.500000
168.750000
117.499992
4.520000
13.750000
66.750000
237.250000
2.640000
14.749999
157.500000
14.500000
3.770000
205.749985
212.500000
167.500000
1.290000
178.500000
151.000000
217.500000
4.940000
228.749985
234.999985
29.000000
0.020000
89.750000
232.000000
110.749992
4.820000
137.500000
201.500015
163.750000
1.790000
215.000015
128.500000
232.750015
4.400000
242.500000
49.000000
60.750000
2.720000
191.500000
119.000008
245.750000
4.830000
138.500000
41.000000
172.750000
2.380000
176.000000
170.750000
30.500000
1.960000
151.750000
143.000000
30.500000
4.880000
189.500000
191.750000
207.000000
3.920000
201.250000
127.000000
55.750000
1.750000
25.750000
217.249985
233.750015
0.520000
54.750000
111.500000
153.000000
3.020000
76.750000
235.999985
130.000000
3.600000
238.750000
108.500000
84.250000
3.730000
221.000000
10.000000
138.500000
4.180000
139.500000
227.000000
26.750002
4.610000
193.250000
96.000000
189.250000
4.470000
159.000000
134.250000
242.500000
3.610000
219.250015
208.750015
159.750000
2.740000
60.000004
69.500000
12.000000
3.220000
114.500000
90.250000
136.250000
1.240000
86.750000
152.500000
153.750000
2.640000
16.250000
2.750000
168.250000
0.850000
173.000000
141.750000
201.250000
3.030000
43.750000
192.750000
191.000000
2.460000
187.750000
39.500000
135.000000
0.300000
23.000000
178.750000
145.750000
1.620000
177.250000
182.750000
7.000000
4.160000
231.500000
80.750000
196.000000
0.640000
22.000000
69.000000
136.250000
4.730000
50.000000
217.500000
77.000000
1.880000
189.750000
17.000000
173.750000
1.090000
218.000000
82.500000
125.000000
1.700000
237.750000
238.000015
147.750000
2.020000
133.250000
189.250000
104.250000
1.500000
98.000000
186.000000
127.500000
4.990000
20.250000
91.500000
136.000000
3.400000
223.499985
199.500000
156.750000
2.730000
174.500000
90.000000
167.750000
4.930000
136.000000
244.000000
119.500008
3.080000
241.500000
183.000000
64.250000
1.610000
134.750000
97.750000
51.250000
0.120000
110.749992
235.500000
227.500015
1.370000
155.500000
8.250000
182.000000
4.020000
123.500000
242.249985
77.750000
0.800000
179.000000
227.000000
211.500000
0.670000
158.750000
43.250000
87.500000
2.350000
32.750000
106.500008
32.500000
0.370000
122.500000
198.250000
96.500000
2.360000
44.500000
183.000000
133.500000
2.260000
183.000000
48.250000
51.750000
3.980000
125.000000
105.999992
33.250000
1.790000
232.000000
20.000000
38.000000
3.950000
150.750000
110.749992
233.250000
3.770000
71.250000
249.499985
196.500000
4.290000
108.500000
48.000000
27.500000
3.630000
220.250015
149.000000
234.999985
2.860000
141.250000
83.750000
104.000000
4.290000
192.500000
43.000000
76.750000
3.760000
54.750000
210.250000
232.000000
2.060000
71.000000
163.250000
129.250000
2.540000
40.750000
138.000000
223.750000
1.480000
198.250000
167.500000
132.750000
3.540000
33.000000
88.250000
23.500000
3.720000
74.500000
225.500015
190.500000
0.760000
41.250000
33.500000
176.250000
1.180000
82.250000
120.250000
146.250000
0.900000
185.750000
196.000000
14.250000
2.840000
231.250000
130.250000
109.500000
1.090000
10.750000
238.500000
107.500008
1.470000
205.500000
139.500000
196.750000
1.620000
0.000000
75.000000
74.750000
1.760000
76.500000
235.500000
151.500000
4.350000
16.750000
108.000008
250.000000
1.270000
212.500000
166.000000
133.250000
0.290000
215.500000
81.750000
238.250000
3.300000
219.500000
195.750000
215.249985
0.810000
46.500000
0.750000
127.500000
4.610000
161.000000
176.750000
150.000000
1.780000
211.999985
14.500000
158.000000
4.050000
165.500000
38.750000
18.500000
1.690000
149.250000
210.250000
95.250000
4.030000
57.250000
132.750000
189.500000
3.540000
166.750000
163.000000
197.500000
2.840000
91.250000
2.500000
144.000000
0.570000
24.000000
209.500000
147.750000
3.980000
248.250000
25.750000
217.750000
3.010000
195.000000
240.000015
68.750000
0.110000
131.250000
112.750008
37.750000
4.600000
44.000000
136.750000
104.000000
4.160000
8.500000
10.000000
245.250015
4.980000
136.500000
61.250000
56.750000
0.150000
69.750000
47.250000
123.249992
0.010000
27.500000
239.500000
219.000000
2.920000
66.250000
184.250000
101.750008
3.970000
183.000000
44.500000
157.500000
4.680000
129.250000
236.999985
167.500000
3.510000
197.250000
92.750000
235.999985
3.610000
190.250000
37.750000
75.500000
4.640000
113.000000
57.500000
234.500000
0.050000
110.250000
9.250000
158.750000
4.530000
83.000000
177.000000
12.250000
2.940000
80.250000
1.250000
84.250000
4.090000
168.500000
115.000000
93.250000
1.730000
164.750000
241.750000
26.750002
0.660000
231.000000
228.500015
123.500000
0.480000
208.999985
7.500000
168.500000
2.310000
158.750000
126.750008
18.500000
2.630000
84.000000
187.250000
101.000000
2.140000
106.750000
185.000000
69.750000
4.840000
223.250000
210.500000
42.750000
2.490000
34.250000
46.750000
99.750000
1.460000
174.500000
76.250000
131.750000
3.000000
172.500000
35.750000
100.750008
2.180000
154.500000
196.000000
106.250000
0.460000
227.250000
86.750000
134.750000
2.180000
228.749985
180.000000
197.000000
1.670000
223.250000
202.250000
2.750000
0.550000
175.000000
15.000001
81.250000
2.020000
238.500000
63.750000
21.750000
1.280000
63.500000
108.750000
158.750000
4.180000
110.000000
151.000000
240.000015
4.270000
33.250000
64.250000
184.500000
2.330000
96.500000
215.249985
112.500000
2.210000
197.500000
7.000000
237.500000
3.630000
248.499985
194.250000
226.750000
2.280000
216.750000
1.000000
68.250000
4.250000
129.500000
114.500000
22.500000
4.770000
101.750008
23.250000
181.500000
4.520000
154.500000
235.999985
233.750015
2.550000
150.500000
58.749996
109.250000
3.790000
120.000008
116.750000
50.750000
0.440000
60.750000
3.750000
92.500000
0.210000
21.250000
137.000000
93.750000
4.440000
111.249992
42.000000
99.500000
3.410000
130.750000
92.500000
4.000000
1.800000
41.750000
108.250000
250.000000
0.150000
241.249985
213.250000
93.750000
0.060000
227.749985
244.500000
233.500000
3.490000
225.000000
239.000015
102.750000
4.850000
3.750000
108.750000
162.000000
2.380000
8.000000
99.000000
77.250000
1.650000
39.250000
10.750000
233.250000
0.570000
240.249985
115.750000
121.000000
3.430000
119.500008
85.000000
60.750000
1.850000
196.500000
164.500000
137.000000
4.010000
102.000000
236.750000
70.250000
3.840000
112.000000
105.499992
108.750000
1.590000
180.000000
10.500000
6.000000
2.790000
13.249999
226.250000
153.000000
3.800000
45.750000
149.250000
55.750000
0.400000
162.750000
248.000000
215.500000
0.920000
236.500000
161.000000
156.500000
4.160000
39.000000
65.000000
116.500000
4.890000
78.250000
137.750000
163.000000
2.850000
108.500000
201.500015
162.000000
2.030000
240.249985
67.500000
214.000015
1.880000
100.750008
6.250000
101.750008
1.890000
92.750000
51.250000
249.750000
2.380000
46.000000
210.250000
249.250000
2.800000
28.000000
227.500015
40.750000
2.330000
61.250000
217.000000
222.499985
4.370000
25.000000
115.500000
15.750000
3.370000
64.250000
102.500000
93.750000
4.810000
1.250000
71.750000
87.500000
1.660000
91.750000
5.000000
22.750000
1.240000
242.249985
61.750000
25.250000
1.620000
244.500000
169.500000
121.500000
0.750000
177.750000
161.250000
129.000000
2.280000
129.250000
199.000000
15.000001
0.290000
146.750000
58.749996
229.250000
0.870000
154.250000
80.750000
54.500000
1.730000
132.250000
51.000000
23.000000
0.040000
82.250000
247.750000
4.250000
2.370000
53.500004
10.500000
55.500000
1.020000
3.000000
200.250000
168.500000
1.710000
36.000000
207.250000
49.000000
4.740000
52.499996
233.000000
242.750000
3.860000
27.500000
239.000015
115.250000
3.650000
245.750000
65.750000
132.250000
4.850000
165.000000
84.750000
130.000000
1.500000
109.000000
35.000000
137.250000
1.000000
239.000015
162.500000
108.250000
2.200000
75.500000
21.000000
30.250000
4.860000
120.000008
161.750000
23.750000
0.090000
229.000000
199.250000
88.750000
0.330000
153.500000
97.000000
214.000015
0.590000
228.749985
131.000000
85.750000
3.410000
233.500000
2.500000
178.500000
0.330000
100.750008
246.499985
199.000000
2.020000
6.500000
200.750000
46.750000
2.420000
107.000008
244.500000
166.750000
2.550000
127.750000
123.249992
238.750000
0.450000
249.499985
106.750000
175.000000
0.280000
192.000000
191.750000
78.500000
0.410000
2.000000
177.000000
126.500000
4.930000
85.750000
237.500000
84.750000
0.510000
192.750000
35.500000
154.500000
0.660000
167.000000
176.750000
196.250000
0.770000
66.000000
192.250000
91.250000
2.370000
42.000000
241.249985
157.250000
1.660000
95.250000
123.749992
176.750000
0.510000
160.500000
67.000000
56.500000
1.500000
238.250000
131.000000
19.750000
2.070000
71.000000
90.000000
177.250000
2.710000
28.500000
17.250000
206.250000
4.280000
11.250000
76.000000
160.750000
4.950000
247.250015
211.999985
5.000000
2.130000
144.250000
99.500000
221.499985
3.280000
73.000000
245.000000
22.500000
4.970000
125.750008
201.750000
141.500000
3.980000
235.250000
11.750000
85.500000
4.800000
153.500000
111.000000
61.500000
1.330000
143.500000
200.000000
126.250008
2.440000
65.250000
237.750000
205.749985
2.440000
217.249985
229.500000
229.749985
1.870000
132.500000
135.750000
69.750000
2.540000
195.750000
57.250000
11.500000
3.890000
71.000000
58.749996
105.499992
4.620000
248.250000
33.500000
29.249998
2.170000
81.000000
205.000000
241.000015
1.570000
80.250000
234.500000
123.500000
4.030000
86.250000
250.000000
176.500000
0.450000
235.750000
129.250000
155.500000
2.820000
3.250000
169.000000
17.500000
3.510000
234.999985
225.750000
196.500000
1.660000
95.000000
220.500000
198.250000
1.010000
107.250000
2.250000
228.250000
1.600000
33.250000
143.250000
11.250000
1.220000
89.250000
115.000000
27.250000
0.000000
131.000000
69.750000
79.500000
2.880000
137.000000
139.250000
227.749985
0.460000
171.000000
56.250000
143.750000
1.810000
37.000000
124.249992
183.250000
0.980000
13.750000
136.000000
116.750000
4.450000
33.000000
117.999992
128.750000
1.680000
40.500000
132.500000
183.250000
3.900000
61.750000
162.750000
221.499985
2.660000
106.750000
191.500000
82.250000
2.330000
211.999985
63.500000
11.500000
3.480000
164.000000
88.000000
188.250000
1.950000
89.750000
21.250000
15.500000
1.680000
207.750015
174.750000
234.250000
1.840000
71.000000
40.250000
48.250000
1.180000
181.500000
47.500000
43.750000
2.830000
14.749999
224.499985
159.250000
4.490000
153.250000
240.750000
116.750000
2.200000
77.000000
34.750000
76.500000
3.750000
111.000000
107.000008
169.500000
2.040000
87.000000
26.499998
240.000015
2.840000
208.750015
139.000000
187.750000
4.950000
157.500000
138.250000
57.000000
2.090000
135.250000
198.500000
93.000000
4.100000
121.250000
41.250000
230.250000
4.140000
25.250000
197.250000
157.500000
1.490000
172.250000
159.500000
45.000000
2.410000
58.250000
139.500000
2.750000
2.970000
99.500000
144.000000
141.250000
3.780000
46.000000
134.000000
209.500000
2.200000
237.500000
241.249985
213.250000
0.670000
196.750000
129.750000
176.000000
1.380000
113.750008
247.750000
246.499985
2.520000
78.750000
225.000000
75.750000
2.010000
13.000000
239.250000
109.750000
3.820000
100.250008
65.000000
147.000000
0.290000
220.500000
205.000000
139.250000
1.990000
217.500000
65.500000
126.250008
4.700000
212.500000
72.000000
78.500000
4.360000
76.500000
70.500000
100.000000
4.150000
131.000000
3.500000
221.499985
4.840000
217.750000
104.999992
88.500000
4.280000
71.750000
167.750000
17.000000
2.520000
197.000000
197.250000
140.500000
0.350000
118.499992
132.250000
142.500000
2.240000
151.750000
208.500000
109.750000
1.320000
243.000000
63.000000
217.249985
4.830000
218.750000
169.250000
201.500015
1.550000
54.750000
245.750000
156.750000
3.350000
196.750000
222.000000
124.249992
1.480000
13.000000
166.500000
201.250000
3.310000
92.000000
34.000000
183.250000
4.160000
103.000000
177.000000
62.250000
4.500000
10.250000
138.250000
162.500000
2.660000
196.500000
173.250000
182.000000
4.950000
49.500000
8.000000
227.250000
0.490000
239.500000
104.999992
57.500000
1.680000
202.250000
27.000002
22.500000
2.570000
90.750000
115.000000
215.750000
2.120000
12.250000
242.750000
187.250000
1.420000
108.750000
116.000000
180.750000
4.890000
173.000000
166.250000
79.250000
3.990000
198.750000
121.750000
94.500000
1.870000
229.000000
155.250000
137.500000
3.550000
98.250000
187.750000
232.750015
4.570000
138.000000
140.750000
86.250000
0.200000
118.750000
88.000000
184.500000
0.260000
116.000000
225.500015
160.250000
0.650000
43.250000
185.750000
216.500000
2.870000
83.000000
38.250000
236.250000
3.350000
200.250000
37.250000
131.750000
3.880000
148.500000
112.500000
170.500000
1.050000
68.500000
110.749992
244.500000
1.060000
222.000000
117.250000
80.250000
3.780000
0.250000
186.250000
152.500000
2.100000
213.250000
17.750000
71.500000
4.990000
57.500000
15.750000
8.500000
0.980000
151.750000
51.500000
169.750000
1.460000
175.000000
58.999996
222.499985
4.520000
117.250000
117.499992
93.500000
3.030000
95.750000
201.250000
158.000000
3.380000
7.500000
114.250008
63.000000
4.370000
81.500000
102.250000
116.750000
0.300000
111.000000
191.750000
52.249996
2.390000
75.000000
197.000000
150.250000
1.150000
221.750000
238.750000
129.250000
2.770000
222.750000
234.500000
166.750000
3.590000
176.500000
25.500000
202.749985
2.260000
82.750000
128.250000
210.500000
1.930000
111.749992
172.000000
106.750000
4.780000
164.750000
224.499985
180.750000
0.760000
33.750000
187.250000
129.750000
2.400000
227.500015
212.250000
103.750000
1.340000
169.750000
0.000000
208.750015
4.490000
32.500000
56.500000
135.250000
3.030000
232.750015
177.750000
205.000000
4.240000
58.000000
5.500000
24.750000
4.410000
2.500000
183.750000
195.500000
3.550000
127.250000
98.250000
148.250000
4.570000
55.500000
128.500000
175.750000
1.400000
205.500000
137.250000
136.750000
1.870000
238.250000
170.750000
31.000000
2.440000
170.500000
110.250000
51.500000
2.030000
226.750000
99.000000
137.250000
1.100000
22.000000
172.250000
211.750000
0.680000
247.499985
94.500000
90.750000
3.930000
171.500000
97.750000
246.499985
3.990000
182.500000
191.750000
224.000000
0.440000
105.999992
58.999996
152.500000
0.220000
85.250000
188.250000
64.250000
2.290000
