4.100000
44.899998
32.799999
4.480000
15.000000
70.900002
46.700001
3.000000
93.599998
44.000000
70.000000
0.890000
25.799999
81.099998
95.200005
4.910000
99.300003
93.100006
82.299995
4.260000
35.899998
59.000000
89.899994
1.530000
29.200001
37.000000
40.400002
1.790000
69.899994
87.600006
44.200001
1.830000
75.700005
52.700001
86.800003
3.730000
64.199997
27.299999
1.800000
3.750000
67.500000
78.800003
29.100000
2.730000
65.599998
66.000000
12.600000
1.960000
22.500000
86.199997
52.199997
0.890000
63.000000
72.500000
1.700000
3.340000
71.500000
73.200005
50.200001
2.770000
30.400000
3.200000
16.799999
3.390000
28.800001
7.600000
3.100000
4.250000
24.500000
62.600002
41.900002
2.580000
87.500000
72.300003
34.599998
3.200000
99.199997
7.000000
36.900002
0.410000
61.000000
61.100002
6.000000
4.150000
73.800003
82.900002
96.199997
3.620000
91.800003
28.199999
92.799995
3.750000
60.200001
31.199999
53.200001
4.960000
10.200000
8.000000
90.699997
0.080000
82.900002
8.400000
63.500000
0.990000
68.200005
92.099998
96.400002
3.020000
64.199997
36.400002
1.600000
1.880000
89.799995
5.300000
26.400002
3.180000
75.100006
55.799999
9.200000
4.800000
96.300003
27.700001
15.200000
0.990000
33.299999
74.299995
63.200001
0.430000
2.700000
4.000000
32.299999
1.480000
92.500000
70.300003
95.299995
4.240000
7.600000
16.100000
99.000000
3.150000
44.200001
27.500000
72.600006
3.630000
93.100006
90.100006
17.700001
2.390000
19.700001
57.000000
41.599998
3.970000
47.900002
1.700000
39.700001
1.100000
90.000000
55.900002
74.400002
1.520000
39.299999
35.299999
59.699997
4.970000
52.700001
47.700001
56.799999
0.330000
59.899998
32.599998
28.099998
2.750000
36.500000
0.900000
59.200001
4.740000
32.099998
17.600000
64.899994
4.360000
27.299999
73.000000
5.300000
4.960000
39.200001
91.099998
89.399994
2.810000
10.900001
46.700001
72.500000
3.640000
62.399998
46.100002
79.000000
4.170000
29.600000
61.100002
79.099998
4.960000
29.500000
60.900002
91.699997
4.170000
58.000000
24.400002
50.300003
4.940000
77.600006
27.299999
21.800001
4.870000
83.900002
57.700001
97.500000
1.370000
19.199999
46.500000
9.000000
3.150000
49.299999
58.600002
28.500000
4.850000
44.099998
17.500000
44.500000
1.050000
56.000000
77.699997
78.400002
2.510000
57.000000
77.800003
98.199997
1.030000
45.200001
59.899998
52.000000
2.680000
3.200000
15.500000
17.200001
0.980000
95.100006
18.500000
79.599998
3.430000
13.700000
50.000000
18.600000
1.290000
24.799999
3.500000
30.799999
1.010000
33.599998
88.199997
85.699997
3.770000
84.000000
12.200001
82.099998
4.140000
86.000000
96.699997
31.199999
1.140000
1.100000
69.400002
55.400002
4.200000
86.500000
36.500000
7.000000
1.910000
59.799999
50.799999
98.300003
3.160000
84.399994
67.399994
38.800003
2.700000
24.000000
40.700001
99.799995
0.640000
15.800000
27.500000
6.100000
3.640000
58.899998
73.400002
82.299995
3.710000
16.500000
15.200000
69.599998
1.550000
95.699997
29.799999
36.600002
1.350000
40.400002
54.500000
43.099998
0.160000
43.400002
50.300003
11.500000
0.240000
69.699997
75.000000
12.300000
3.990000
26.300001
97.099998
67.099998
0.040000
52.700001
42.000000
84.700005
4.240000
19.299999
17.200001
29.400002
3.760000
25.799999
8.900000
46.399998
2.500000
44.299999
70.900002
9.599999
1.780000
28.500000
65.100006
78.099998
2.390000
30.900000
33.099998
15.400000
0.130000
91.199997
79.800003
83.100006
4.040000
30.900000
72.900002
29.300001
0.190000
62.299999
95.500000
48.099998
1.360000
17.299999
20.200001
12.200001
1.570000
53.000000
43.000000
16.200001
4.460000
3.200000
63.800003
26.600000
3.870000
23.599998
0.400000
12.799999
4.520000
74.099998
62.900002
17.299999
2.970000
47.000000
99.500000
16.600000
4.910000
76.900002
89.599998
94.099998
3.770000
19.199999
62.199997
45.100002
4.060000
30.500000
79.899994
30.500000
3.230000
34.799999
13.900000
82.200005
0.140000
48.000000
26.900002
51.100002
1.610000
75.599998
23.800001
76.199997
1.630000
17.500000
97.200005
9.900000
4.640000
18.400000
62.000000
79.800003
0.910000
49.699997
62.299999
54.200001
4.210000
1.200000
94.300003
4.800000
1.530000
97.299995
40.500000
48.800003
0.380000
70.300003
1.800000
48.400002
1.420000
20.500000
25.500000
5.100000
3.850000
16.799999
35.200001
39.100002
4.130000
25.599998
14.099999
23.500000
2.720000
69.199997
73.500000
87.799995
1.580000
27.799999
53.800003
14.000000
1.670000
69.299995
60.300003
99.199997
1.210000
55.000000
67.300003
63.600002
2.500000
35.400002
44.400002
67.399994
0.480000
82.799995
45.900002
1.700000
4.080000
9.800000
12.900000
79.800003
0.510000
2.900000
92.500000
0.100000
2.480000
13.800000
29.500000
56.700001
1.670000
3.100000
73.599998
15.700001
0.990000
87.500000
6.900000
53.600002
4.810000
54.799999
46.000000
62.299999
0.760000
62.399998
89.700005
39.799999
4.640000
89.599998
94.799995
12.300000
0.470000
73.400002
24.799999
18.500000
4.610000
26.300001
25.200001
19.600000
1.000000
2.500000
30.599998
98.300003
2.100000
40.500000
52.199997
13.200001
4.780000
76.099998
91.000000
15.800000
2.200000
93.599998
83.100006
64.400002
3.020000
87.000000
69.599998
94.000000
0.430000
35.700001
99.500000
46.599998
1.980000
3.200000
43.299999
30.100000
2.350000
33.800003
32.200001
47.099998
0.980000
9.200000
87.299995
78.200005
3.050000
44.599998
40.599998
98.100006
3.300000
38.599998
53.400002
8.000000
1.470000
82.299995
32.400002
6.600000
2.920000
80.500000
47.099998
53.600002
1.700000
62.500000
34.799999
51.799999
3.310000
30.799999
24.799999
84.599998
3.030000
88.400002
0.900000
58.800003
0.920000
70.500000
67.800003
57.399998
4.940000
39.900002
10.500000
20.500000
0.560000
55.300003
92.399994
27.400000
2.960000
4.100000
94.599998
58.099998
1.750000
64.800003
95.600006
43.600002
3.410000
51.000000
96.099998
60.500000
4.790000
91.099998
62.399998
5.700000
3.030000
67.099998
92.600006
22.100000
0.980000
73.099998
50.500000
71.900002
1.350000
43.800003
80.800003
21.800001
3.350000
62.500000
90.299995
19.000000
2.200000
82.700005
38.099998
25.699999
1.560000
18.099998
72.199997
63.600002
4.820000
55.100002
99.199997
16.600000
1.540000
95.600006
53.800003
86.599998
3.000000
39.900002
62.500000
83.599998
3.060000
12.900000
45.100002
58.400002
3.160000
40.400002
64.599998
75.100006
4.070000
26.800001
66.099998
3.000000
2.950000
87.500000
5.200000
80.600006
1.090000
1.600000
91.800003
8.400000
1.340000
15.599999
80.800003
2.000000
4.360000
65.700005
7.100000
47.800003
0.840000
96.500000
13.000000
33.399998
2.760000
63.299999
71.400002
2.200000
2.360000
33.500000
75.100006
18.099998
0.900000
23.900002
16.900002
47.500000
3.220000
75.199997
58.800003
26.300001
4.860000
53.200001
52.700001
53.600002
0.640000
46.100002
51.199997
10.299999
1.780000
78.599998
14.500000
58.099998
0.650000
19.500000
67.500000
20.500000
4.450000
79.899994
59.599998
36.900002
2.280000
66.799995
40.200001
100.000000
0.760000
6.500000
76.799995
48.299999
4.210000
28.099998
82.399994
57.199997
0.020000
20.000000
64.099998
70.100006
3.590000
0.100000
14.900000
46.199997
2.040000
15.200000
51.700001
61.199997
3.720000
58.400002
69.800003
78.699997
2.140000
75.000000
18.000000
97.099998
0.360000
30.299999
41.100002
7.700000
2.250000
57.099998
63.500000
96.899994
3.290000
89.099998
6.400000
52.399998
1.550000
52.900002
66.000000
76.799995
2.320000
51.100002
97.200005
26.099998
4.130000
86.300003
52.199997
22.200001
4.580000
29.000000
84.300003
59.200001
2.670000
11.100000
44.799999
12.500000
0.370000
54.200001
73.400002
87.200005
0.690000
40.900002
52.399998
58.899998
4.160000
0.100000
56.000000
2.800000
0.000000
32.200001
8.600000
94.099998
1.120000
38.699997
43.699997
4.400000
1.720000
58.699997
33.099998
60.799999
4.970000
20.000000
75.700005
92.500000
3.470000
13.200001
69.000000
94.199997
3.180000
40.900002
59.500000
74.800003
0.130000
53.200001
76.300003
1.700000
1.620000
17.000000
3.100000
84.399994
0.780000
21.300001
73.300003
90.400002
3.530000
22.500000
74.199997
94.000000
4.260000
29.500000
69.400002
38.599998
4.840000
33.500000
97.099998
52.700001
4.780000
56.599998
50.599998
94.700005
2.960000
6.700000
89.599998
12.600000
1.340000
92.700005
4.700000
40.599998
0.770000
14.700001
40.500000
37.200001
1.920000
60.599998
78.300003
35.599998
0.330000
54.899998
2.000000
72.199997
0.830000
78.400002
98.900002
24.799999
1.390000
91.300003
80.800003
46.199997
3.530000
99.500000
13.000000
21.199999
3.060000
61.100002
0.900000
60.500000
1.780000
67.099998
64.899994
65.700005
0.910000
88.300003
34.299999
39.500000
4.260000
99.500000
25.500000
21.099998
4.440000
28.699999
61.799999
27.700001
2.280000
14.800000
11.300000
30.500000
2.050000
8.200000
0.400000
17.100000
0.380000
29.700001
84.199997
2.600000
1.070000
33.000000
24.900000
89.199997
1.690000
61.399998
88.300003
88.800003
0.540000
46.100002
92.399994
28.099998
1.260000
64.400002
21.800001
39.700001
4.100000
82.799995
35.000000
87.500000
2.190000
99.000000
59.699997
94.799995
4.440000
92.399994
77.199997
47.800003
3.680000
65.300003
28.800001
69.199997
0.780000
71.000000
93.300003
1.800000
3.980000
43.000000
22.799999
49.599998
4.420000
95.600006
48.699997
51.399998
2.190000
91.300003
84.099998
5.800000
1.710000
95.800003
23.800001
10.200000
1.830000
53.099998
80.800003
31.199999
0.330000
18.200001
25.900000
5.400000
4.510000
6.900000
69.000000
46.000000
2.250000
37.200001
78.599998
92.600006
0.280000
9.700001
67.800003
9.300000
3.470000
5.000000
78.800003
95.400002
0.960000
92.700005
66.099998
8.700000
4.890000
92.900002
77.500000
72.199997
3.210000
2.800000
15.900001
75.400002
1.860000
6.600000
88.400002
95.299995
0.690000
32.200001
84.500000
12.700000
2.670000
13.600000
80.500000
66.699997
0.980000
62.199997
59.599998
30.599998
1.840000
68.200005
5.000000
10.599999
2.250000
64.099998
52.700001
65.300003
3.490000
39.200001
39.700001
81.800003
3.030000
50.900002
69.899994
63.800003
0.290000
65.400002
94.500000
33.900002
1.750000
1.500000
65.100006
70.700005
0.520000
28.000000
39.500000
88.500000
3.140000
10.700001
91.800003
71.300003
1.990000
39.500000
50.400002
80.200005
2.440000
30.900000
59.699997
87.600006
2.590000
45.799999
1.100000
11.500000
0.770000
9.000000
78.300003
8.000000
0.090000
27.799999
27.200001
96.699997
0.940000
5.300000
32.000000
69.400002
2.480000
48.400002
69.899994
12.600000
0.540000
42.299999
95.100006
69.800003
1.450000
98.900002
5.100000
24.400002
4.650000
22.000000
39.700001
89.099998
3.450000
64.199997
46.599998
45.799999
1.540000
45.500000
60.700001
14.600000
4.990000
14.500000
37.400002
2.400000
4.180000
63.699997
42.900002
59.599998
2.460000
9.400000
80.299995
26.300001
0.710000
27.100000
77.900002
33.399998
4.080000
86.899994
54.000000
28.699999
0.660000
75.400002
55.799999
31.400002
3.610000
38.699997
87.799995
80.299995
3.240000
79.000000
20.599998
44.500000
3.920000
65.800003
22.900000
49.599998
4.190000
53.099998
13.200001
13.700000
1.520000
65.500000
79.199997
33.900002
1.910000
38.200001
12.300000
70.599998
3.930000
16.699999
55.000000
63.000000
1.080000
6.000000
49.099998
51.000000
4.750000
60.000000
50.799999
22.100000
0.450000
90.500000
45.500000
53.800003
4.050000
14.700001
49.400002
53.699997
4.350000
33.000000
89.199997
32.200001
3.050000
90.299995
90.000000
71.799995
3.040000
31.900002
27.700001
38.099998
1.210000
68.400002
13.600000
56.000000
4.100000
11.599999
50.300003
32.400002
4.850000
32.099998
62.099998
63.600002
4.510000
58.299999
53.800003
26.199999
0.710000
14.299999
35.500000
62.399998
1.780000
86.699997
80.299995
36.799999
0.570000
24.300001
62.600002
14.500000
2.820000
94.300003
57.900002
94.000000
2.490000
41.100002
56.000000
80.200005
0.700000
20.000000
41.900002
61.399998
1.040000
5.300000
15.700001
87.700005
0.420000
49.599998
27.000000
67.600006
0.540000
57.399998
14.800000
14.099999
4.330000
33.099998
0.500000
24.200001
3.880000
48.200001
41.199997
74.400002
2.620000
88.000000
52.900002
17.799999
3.410000
48.000000
75.900002
87.399994
3.620000
88.800003
22.700001
45.599998
4.740000
96.599998
79.500000
9.599999
4.970000
55.599998
78.000000
58.000000
1.350000
56.700001
94.300003
32.700001
2.530000
47.900002
1.100000
66.099998
3.930000
41.500000
90.699997
75.300003
4.560000
38.399998
41.100002
90.699997
1.890000
74.800003
40.799999
19.900000
4.280000
31.500000
95.800003
94.000000
2.530000
15.800000
68.200005
35.599998
1.570000
76.599998
50.400002
52.600002
4.130000
44.400002
1.600000
26.500000
1.700000
30.200001
37.400002
55.500000
3.950000
71.099998
96.500000
99.700005
2.470000
21.099998
8.000000
15.000000
3.090000
47.099998
91.699997
32.000000
4.740000
65.800003
95.400002
63.200001
0.190000
66.199997
64.599998
3.700000
4.480000
16.400000
77.600006
81.199997
2.120000
39.700001
85.600006
68.699997
0.770000
68.500000
1.600000
39.700001
0.340000
49.899998
17.799999
20.799999
1.890000
41.700001
29.200001
47.900002
3.330000
10.299999
10.900001
62.700001
0.930000
18.099998
45.300003
85.400002
1.800000
43.800003
24.700001
69.599998
2.540000
61.599998
44.699997
95.200005
2.850000
87.700005
41.399998
17.200001
3.500000
74.500000
70.199997
35.000000
3.790000
57.399998
81.500000
23.500000
0.070000
14.700001
57.900002
14.900000
3.230000
3.000000
27.900000
15.400000
0.360000
91.899994
47.800003
66.900002
4.640000
64.599998
25.599998
20.599998
3.410000
75.800003
26.500000
74.000000
0.930000
46.799999
12.100000
41.599998
3.300000
69.800003
50.000000
85.299995
3.160000
92.799995
88.000000
24.799999
2.050000
58.600002
58.000000
43.000000
1.560000
3.700000
72.399994
78.699997
2.380000
47.000000
41.599998
35.899998
0.110000
57.900002
38.500000
82.600006
3.440000
31.700001
2.200000
92.000000
4.340000
42.099998
81.699997
76.000000
2.320000
79.099998
58.800003
82.600006
3.490000
95.100006
32.099998
32.299999
3.470000
21.300001
77.300003
60.200001
2.340000
63.600002
41.500000
52.600002
1.940000
26.099998
49.400002
22.000000
0.940000
99.399994
81.500000
18.900000
0.680000
79.299995
61.799999
51.399998
3.120000
45.000000
60.500000
86.199997
1.460000
83.500000
98.100006
67.199997
4.100000
76.300003
55.599998
91.899994
4.800000
33.699997
47.399998
89.899994
4.810000
47.500000
53.299999
48.500000
1.810000
22.400000
98.699997
55.900002
3.030000
83.900002
46.599998
78.300003
4.930000
50.900002
78.699997
76.300003
3.660000
19.700001
53.600002
55.700001
4.260000
94.099998
26.800001
7.300000
1.530000
61.900002
47.600002
81.300003
2.140000
77.099998
57.600002
56.500000
1.370000
39.799999
46.300003
15.900001
4.430000
91.199997
6.300000
37.000000
4.550000
94.000000
19.799999
47.099998
4.670000
35.500000
57.500000
18.200001
0.500000
70.900002
59.899998
0.000000
2.040000
4.500000
87.799995
13.200001
1.500000
70.300003
91.300003
42.700001
2.360000
95.000000
80.699997
86.000000
3.760000
44.500000
59.500000
89.399994
0.940000
11.599999
67.600006
18.900000
4.790000
37.299999
55.200001
23.299999
0.100000
99.000000
66.199997
24.100000
3.450000
22.400000
52.000000
72.699997
0.810000
59.200001
7.800000
28.900002
3.970000
66.300003
16.799999
56.599998
0.080000
55.000000
73.800003
99.399994
1.820000
5.700000
99.300003
67.600006
1.270000
72.600006
87.900002
77.300003
0.340000
9.000000
59.500000
16.600000
2.210000
90.000000
50.700001
15.800000
0.450000
18.000000
96.800003
91.400002
2.350000
64.599998
97.600006
14.200000
4.140000
54.599998
49.099998
61.500000
3.570000
86.899994
77.600006
45.400002
3.670000
13.800000
66.300003
8.200000
2.960000
92.299995
83.100006
62.000000
0.000000
23.599998
54.299999
47.800003
1.640000
13.400001
93.900002
16.000000
3.780000
15.000000
8.100000
6.200000
0.110000
51.100002
25.200001
56.599998
0.360000
86.199997
12.600000
60.700001
3.840000
44.299999
17.000000
94.599998
4.630000
72.600006
14.299999
33.000000
3.380000
19.199999
26.500000
98.100006
3.780000
88.800003
35.099998
49.400002
3.730000
77.900002
62.399998
22.400000
1.830000
69.899994
47.299999
31.500000
0.250000
32.000000
42.800003
18.400000
1.270000
25.400000
73.400002
15.900001
3.620000
63.899998
47.800003
45.200001
0.240000
58.500000
85.600006
22.400000
2.540000
31.700001
49.099998
85.100006
3.870000
5.300000
44.299999
18.300001
0.620000
74.400002
80.600006
27.900000
2.290000
99.599998
43.099998
93.199997
0.700000
30.000000
12.600000
36.500000
2.710000
83.000000
97.399994
6.200000
2.350000
91.599998
62.500000
64.199997
3.310000
14.500000
21.900002
74.299995
1.230000
90.699997
65.300003
44.400002
2.720000
93.699997
18.500000
83.500000
3.110000
71.099998
56.300003
53.000000
1.990000
46.700001
24.600000
54.899998
3.050000
18.000000
28.299999
69.699997
0.740000
62.500000
44.799999
16.500000
0.240000
97.200005
11.000000
46.300003
3.730000
23.900002
86.400002
65.500000
2.880000
34.000000
0.200000
98.599998
3.020000
14.200000
41.599998
64.899994
2.710000
18.900000
55.200001
93.199997
2.020000
14.400001
14.800000
39.299999
1.640000
99.000000
67.099998
51.399998
2.590000
7.900000
96.699997
95.800003
4.210000
59.599998
1.100000
61.000000
1.770000
15.900001
88.900002
90.299995
0.730000
9.000000
36.600002
18.400000
2.620000
47.199997
18.000000
40.799999
1.690000
25.299999
79.800003
38.800003
0.730000
31.800001
57.700001
33.000000
2.530000
37.900002
43.099998
16.299999
4.790000
35.599998
81.000000
4.600000
3.790000
14.500000
24.100000
25.799999
1.840000
86.599998
33.699997
28.000000
0.690000
66.500000
40.599998
76.099998
4.650000
39.400002
99.599998
54.200001
0.020000
0.800000
36.700001
34.799999
2.630000
61.599998
17.799999
8.000000
0.510000
97.700005
75.100006
47.299999
2.010000
49.200001
46.500000
41.799999
1.340000
74.299995
8.200000
6.900000
0.570000
51.199997
19.100000
96.099998
2.380000
86.800003
9.800000
65.300003
3.370000
57.099998
5.300000
6.400000
3.390000
39.000000
70.000000
94.799995
2.450000
18.900000
6.700000
74.000000
0.060000
50.000000
92.099998
75.599998
1.220000
24.700001
62.700001
90.900002
0.910000
34.100002
86.300003
71.300003
2.820000
65.500000
96.800003
43.699997
2.140000
6.700000
78.400002
54.599998
1.380000
59.699997
81.500000
89.799995
4.200000
36.799999
54.099998
86.300003
4.190000
5.900000
83.500000
78.699997
1.400000
49.799999
7.000000
33.500000
0.520000
4.900000
46.199997
73.300003
0.290000
45.400002
74.899994
7.800000
3.630000
31.199999
6.100000
37.700001
2.060000
93.300003
64.599998
13.700000
0.410000
46.900002
15.100000
28.699999
3.580000
20.900000
0.800000
99.099998
1.000000
44.400002
74.400002
1.800000
2.410000
2.100000
90.500000
48.800003
2.300000
99.300003
34.100002
69.400002
1.950000
63.299999
27.700001
33.200001
2.340000
16.600000
87.399994
29.799999
0.950000
95.800003
17.500000
7.600000
2.420000
64.299995
67.300003
64.899994
2.360000
0.900000
99.799995
97.200005
0.280000
22.700001
6.300000
40.900002
2.830000
68.599998
23.199999
3.200000
2.150000
63.200001
84.599998
76.500000
4.100000
99.099998
2.600000
59.299999
4.450000
30.200001
27.299999
30.200001
0.270000
67.199997
96.699997
55.599998
1.610000
24.200001
92.799995
19.199999
4.140000
16.299999
56.599998
93.199997
4.690000
75.500000
0.100000
24.900000
0.950000
46.399998
16.900002
0.400000
0.840000
92.299995
76.000000
97.799995
2.610000
93.800003
94.700005
99.099998
0.670000
79.599998
54.299999
66.699997
1.280000
63.899998
45.599998
98.599998
0.380000
58.400002
20.400000
83.000000
3.150000
36.500000
55.500000
0.700000
2.060000
77.300003
70.900002
47.700001
0.890000
57.000000
20.299999
18.600000
1.450000
75.199997
34.299999
27.200001
3.190000
71.400002
56.199997
40.400002
3.990000
59.200001
49.500000
72.500000
4.930000
78.099998
12.200001
99.300003
0.390000
39.000000
73.000000
26.400002
3.430000
60.700001
64.199997
81.899994
1.420000
22.100000
33.699997
14.400001
2.460000
30.799999
13.099999
58.000000
1.140000
20.299999
5.800000
70.300003
4.180000
32.799999
70.400002
19.500000
0.530000
10.100000
82.799995
98.300003
3.870000
78.699997
60.799999
74.500000
4.490000
31.099998
94.199997
10.700001
1.680000
17.700001
60.900002
20.100000
4.050000
71.099998
45.000000
88.900002
3.180000
28.299999
85.200005
72.800003
0.420000
2.500000
57.900002
17.600000
0.610000
35.400002
10.500000
73.500000
3.720000
66.000000
76.699997
26.700001
2.470000
64.699997
80.600006
10.100000
0.700000
72.500000
1.000000
8.700000
0.360000
72.699997
7.700000
53.600002
2.500000
4.400000
88.000000
78.500000
4.260000
13.400001
57.600002
86.099998
3.960000
16.299999
4.600000
71.099998
2.370000
45.599998
1.100000
34.799999
3.130000
27.400000
95.200005
4.900000
0.840000
17.700001
77.199997
45.900002
2.330000
87.900002
5.000000
4.600000
1.600000
87.799995
97.900002
15.200000
4.430000
69.400002
13.300000
43.600002
4.710000
6.200000
61.599998
48.600002
0.660000
96.400002
81.099998
70.700005
2.910000
80.400002
56.900002
37.500000
4.610000
88.000000
2.200000
91.699997
2.850000
22.900000
34.200001
70.000000
1.900000
48.200001
11.599999
67.699997
3.300000
87.600006
61.300003
39.500000
3.780000
79.400002
65.900002
14.900000
4.180000
9.700001
39.100002
85.800003
3.600000
23.400000
16.200001
67.900002
3.470000
66.099998
70.199997
16.299999
0.210000
34.400002
3.200000
57.000000
2.960000
21.700001
45.799999
39.299999
3.140000
17.600000
53.200001
5.000000
0.040000
47.199997
58.800003
9.000000
4.740000
20.900000
17.200001
1.800000
0.090000
56.900002
62.800003
44.899998
4.160000
44.799999
39.599998
52.000000
4.030000
79.299995
96.800003
54.599998
0.160000
46.399998
3.600000
56.100002
2.500000
38.500000
89.700005
44.299999
2.950000
26.600000
76.599998
35.400002
1.130000
77.399994
61.799999
54.599998
2.640000
93.699997
6.600000
58.200001
2.530000
30.799999
89.300003
48.000000
0.830000
74.599998
21.600000
71.199997
2.230000
59.200001
97.200005
30.799999
0.980000
23.500000
2.800000
35.000000
1.390000
47.900002
27.700001
65.100006
4.530000
99.300003
55.300003
41.799999
3.620000
12.900000
99.099998
34.900002
2.090000
17.200001
67.600006
16.500000
1.380000
3.800000
32.599998
91.800003
3.440000
46.199997
32.900002
37.599998
3.500000
95.000000
68.500000
4.100000
3.350000
5.300000
47.700001
45.300003
1.380000
7.400000
5.800000
14.900000
0.220000
52.099998
4.200000
13.000000
2.230000
24.200001
83.400002
3.600000
0.900000
4.100000
33.699997
53.299999
2.160000
45.200001
70.199997
74.099998
4.970000
86.400002
38.399998
48.800003
0.890000
32.500000
65.400002
2.500000
0.170000
50.799999
5.700000
56.199997
2.830000
84.099998
0.500000
23.299999
3.680000
48.299999
64.599998
55.200001
4.470000
58.899998
84.700005
15.900001
2.100000
60.100002
32.599998
77.199997
1.150000
60.400002
84.099998
88.100006
1.590000
88.400002
23.400000
40.100002
2.310000
0.300000
26.400002
81.599998
1.610000
86.000000
91.400002
68.599998
3.890000
68.500000
25.599998
73.800003
0.650000
37.900002
92.600006
59.400002
0.490000
0.100000
10.100000
1.500000
0.940000
57.500000
12.900000
61.199997
1.340000
84.500000
40.100002
28.299999
3.780000
65.199997
47.199997
58.400002
1.250000
4.000000
21.099998
45.300003
1.020000
82.399994
60.599998
1.000000
3.460000
60.799999
25.400000
98.100006
2.250000
17.100000
44.400002
28.199999
1.230000
28.500000
97.700005
12.000000
3.870000
88.199997
70.100006
63.400002
1.460000
56.100002
87.900002
63.800003
1.140000
22.700001
36.600002
61.900002
2.000000
58.200001
82.399994
19.199999
4.950000
25.599998
22.100000
4.000000
4.050000
17.500000
55.100002
76.099998
2.650000
28.299999
97.200005
49.200001
4.300000
13.600000
69.000000
53.000000
4.570000
10.599999
20.500000
53.299999
2.910000
43.500000
61.100002
38.399998
2.530000
7.100000
92.299995
47.099998
0.530000
54.799999
47.500000
56.799999
1.230000
73.900002
52.800003
66.300003
4.980000
45.500000
53.400002
89.300003
3.390000
74.400002
74.699997
74.500000
4.030000
22.299999
3.600000
72.600006
3.970000
3.100000
74.699997
38.299999
4.880000
24.600000
77.399994
17.700001
4.080000
10.700001
8.600000
68.699997
1.550000
68.099998
64.400002
59.500000
4.840000
98.900002
23.299999
87.600006
1.240000
13.800000
90.100006
66.900002
3.140000
57.299999
42.399998
41.100002
0.500000
10.299999
44.200001
73.000000
1.180000
83.900002
43.000000
37.599998
4.200000
80.600006
38.200001
68.800003
3.070000
92.299995
27.799999
19.500000
1.470000
76.199997
64.500000
3.800000
4.050000
91.699997
78.099998
79.500000
0.580000
42.199997
72.000000
60.300003
0.780000
45.799999
18.799999
50.599998
1.480000
57.199997
84.899994
78.200005
3.540000
43.600002
4.000000
81.500000
3.460000
95.800003
2.600000
6.400000
4.990000
3.600000
38.599998
83.400002
0.450000
66.199997
37.000000
61.300003
4.270000
63.400002
8.800000
17.900000
0.430000
6.400000
36.700001
21.900002
1.490000
75.100006
37.000000
10.000000
4.520000
25.299999
83.199997
39.799999
0.580000
86.899994
83.199997
85.500000
4.000000
64.000000
86.899994
47.199997
3.620000
90.100006
24.400002
22.900000
0.350000
75.800003
81.599998
84.199997
0.150000
91.500000
74.899994
10.900001
1.970000
65.300003
32.299999
31.800001
4.600000
73.500000
30.100000
96.899994
0.750000
33.599998
7.000000
4.800000
4.140000
11.300000
26.500000
82.399994
1.810000
56.000000
70.800003
2.400000
4.890000
89.599998
15.500000
71.599998
1.750000
52.000000
1.900000
93.599998
0.650000
20.100000
9.100000
83.900002
3.070000
80.900002
64.299995
39.100002
1.650000
62.600002
25.799999
67.500000
3.190000
4.000000
76.000000
47.800003
2.160000
87.099998
53.899998
57.900002
1.650000
25.400000
11.900001
11.400000
3.990000
6.900000
36.400002
14.900000
1.950000
45.100002
92.200005
11.700000
1.840000
39.500000
65.300003
67.600006
0.320000
71.799995
95.600006
67.300003
4.460000
83.400002
98.699997
43.000000
0.450000
68.400002
99.300003
12.200001
4.890000
98.000000
26.300001
94.199997
1.990000
82.099998
5.100000
61.900002
1.330000
66.699997
11.900001
82.799995
4.960000
88.300003
23.900002
62.199997
4.020000
6.400000
91.199997
84.099998
2.060000
59.799999
52.399998
94.300003
2.040000
70.000000
43.899998
8.800000
1.930000
81.800003
43.600002
22.200001
2.750000
20.799999
31.400002
26.199999
0.970000
86.300003
2.300000
15.800000
3.490000
59.699997
7.900000
89.799995
3.490000
91.699997
5.800000
37.099998
4.790000
17.900000
8.200000
40.300003
2.340000
76.199997
39.200001
66.699997
2.570000
70.400002
77.600006
82.500000
3.700000
62.099998
6.700000
70.700005
1.400000
52.199997
98.100006
6.400000
4.550000
60.599998
39.400002
57.500000
3.340000
23.000000
64.000000
9.000000
4.020000
48.099998
4.200000
36.000000
0.840000
43.600002
58.800003
80.900002
2.900000
28.800001
97.000000
32.299999
0.510000
78.300003
62.800003
45.700001
2.610000
77.399994
23.199999
4.600000
4.710000
81.699997
55.200001
98.699997
4.270000
78.200005
62.900002
98.400002
2.890000
7.400000
93.300003
4.900000
4.730000
80.400002
69.099998
74.199997
0.200000
66.599998
79.000000
35.899998
1.220000
82.399994
24.300001
13.900000
0.570000
33.900002
56.900002
18.600000
1.130000
5.000000
58.699997
92.900002
3.750000
65.599998
73.200005
98.800003
3.550000
94.799995
23.500000
72.000000
3.440000
9.800000
50.200001
100.000000
0.490000
94.099998
7.800000
47.500000
4.090000
42.600002
78.900002
99.700005
3.520000
84.099998
3.900000
8.600000
4.560000
37.700001
64.400002
53.000000
3.590000
26.000000
62.399998
26.000000
4.860000
53.200001
75.100006
46.399998
4.390000
69.699997
9.000000
86.500000
4.470000
93.599998
36.400002
54.799999
4.930000
45.300003
38.399998
47.199997
4.870000
41.199997
36.300003
24.799999
3.670000
57.900002
2.000000
35.599998
4.610000
16.000000
63.400002
91.800003
4.920000
50.900002
20.799999
48.899998
2.530000
87.000000
72.699997
60.599998
4.560000
71.400002
64.599998
51.399998
2.690000
15.200000
53.600002
68.099998
0.370000
25.799999
36.099998
65.599998
1.200000
4.200000
28.900002
2.300000
3.320000
37.500000
42.700001
15.100000
4.060000
82.200005
73.300003
89.300003
0.800000
73.200005
24.600000
75.100006
0.560000
29.000000
30.400000
4.000000
4.600000
45.300003
19.199999
71.300003
3.030000
97.900002
44.799999
23.400000
3.860000
78.000000
60.200001
69.899994
4.980000
34.500000
28.900002
61.000000
0.830000
33.299999
60.000000
15.700001
2.390000
95.600006
13.500000
84.799995
1.640000
63.400002
75.199997
98.800003
1.880000
7.900000
54.400002
45.100002
3.670000
93.300003
86.000000
78.599998
3.610000
37.400002
26.400002
42.299999
1.140000
53.200001
53.800003
49.000000
4.210000
86.500000
28.800001
14.500000
4.280000
11.799999
45.799999
7.000000
3.380000
82.399994
98.000000
29.300001
0.580000
27.600000
57.399998
82.900002
0.690000
45.500000
97.500000
43.000000
2.760000
47.000000
35.200001
27.400000
3.840000
16.500000
9.300000
31.500000
3.750000
59.400002
44.000000
93.100006
3.240000
2.100000
42.199997
88.199997
4.460000
96.400002
49.200001
54.299999
3.030000
88.199997
34.200001
38.000000
3.460000
22.500000
14.000000
65.300003
0.360000
30.200001
86.500000
68.400002
1.450000
47.399998
21.400002
73.200005
2.260000
64.400002
4.500000
8.900000
0.830000
28.400000
62.500000
40.400002
0.530000
16.400000
56.000000
71.799995
4.860000
66.199997
29.600000
76.500000
3.510000
98.800003
57.000000
58.299999
4.810000
61.199997
71.500000
38.000000
0.570000
70.000000
89.300003
24.100000
4.160000
59.500000
9.100000
45.799999
1.710000
29.400002
37.500000
83.699997
4.360000
81.000000
56.900002
77.600006
2.900000
84.000000
24.799999
13.400001
2.700000
4.200000
30.699999
14.600000
2.210000
46.100002
41.799999
54.899998
1.970000
39.200001
66.599998
35.000000
0.090000
65.900002
26.800001
30.400000
1.970000
83.800003
20.599998
97.399994
1.180000
47.399998
87.200005
96.800003
3.940000
88.000000
53.200001
45.500000
2.220000
52.299999
77.300003
25.900000
0.960000
49.599998
53.299999
31.500000
0.820000
2.100000
11.700000
24.600000
0.880000
82.600006
67.199997
45.000000
4.060000
12.200001
8.300000
92.500000
1.640000
51.000000
9.100000
54.200001
1.900000
79.599998
46.900002
27.100000
1.970000
50.300003
61.300003
27.100000
1.670000
35.700001
62.299999
80.400002
2.290000
71.300003
82.200005
17.400000
0.120000
11.400000
36.600002
28.599998
4.330000
20.000000
51.500000
78.099998
1.680000
69.699997
69.899994
0.400000
3.760000
68.699997
64.500000
17.700001
4.380000
74.500000
36.700001
92.000000
3.500000
4.700000
74.699997
59.799999
4.670000
94.700005
23.099998
12.600000
1.040000
21.199999
86.099998
11.200000
0.220000
79.400002
33.800003
13.200001
0.700000
37.200001
55.200001
45.500000
1.480000
92.500000
41.399998
82.600006
2.530000
53.400002
60.799999
90.500000
4.220000
0.100000
18.099998
19.500000
2.310000
85.400002
24.100000
29.000000
2.790000
76.500000
50.200001
43.299999
4.390000
54.500000
64.699997
26.099998
4.380000
36.600002
61.700001
62.700001
4.170000
2.200000
97.900002
80.600006
2.200000
53.800003
73.699997
78.400002
2.920000
25.500000
2.700000
70.100006
4.400000
44.000000
52.500000
23.400000
4.980000
15.000000
44.500000
15.500000
2.870000
28.000000
7.500000
30.900000
0.060000
29.900000
7.500000
97.399994
0.120000
1.100000
5.200000
72.699997
2.620000
60.400002
83.000000
44.099998
3.740000
67.600006
91.099998
65.599998
3.610000
61.599998
32.299999
8.700000
2.970000
60.500000
95.500000
55.100002
1.650000
67.199997
55.000000
81.000000
3.960000
9.200000
26.900002
72.199997
3.670000
41.900002
29.300001
14.200000
4.170000
37.099998
17.200001
50.400002
3.630000
39.400002
98.000000
65.800003
2.280000
19.900000
59.299999
80.400002
2.020000
67.800003
95.699997
0.500000
2.280000
70.400002
23.299999
77.399994
1.370000
44.899998
11.300000
81.899994
3.320000
26.600000
87.399994
95.800003
4.470000
61.700001
87.200005
34.799999
2.450000
1.400000
24.000000
88.100006
3.510000
97.399994
87.799995
29.400002
1.140000
84.300003
43.899998
49.799999
1.230000
33.500000
75.900002
20.500000
4.880000
14.200000
59.599998
91.400002
4.760000
87.200005
0.300000
49.799999
0.440000
53.000000
14.700001
21.099998
2.380000
90.500000
90.100006
18.600000
4.150000
18.200001
19.700001
68.699997
4.320000
21.900002
7.400000
40.500000
1.980000
6.600000
57.900002
85.900002
1.100000
98.400002
13.500000
65.400002
0.560000
52.000000
21.900002
82.799995
2.220000
56.900002
92.799995
64.500000
3.990000
1.400000
29.400002
79.599998
2.150000
12.200001
57.399998
99.599998
0.620000
77.600006
98.599998
34.000000
0.780000
30.500000
69.800003
32.400002
2.570000
99.599998
29.000000
59.400002
4.210000
37.799999
33.099998
6.500000
0.300000
83.900002
1.600000
49.099998
3.860000
26.400002
43.200001
33.200001
2.940000
84.199997
99.000000
87.000000
3.190000
41.000000
45.100002
86.500000
4.480000
42.600002
22.400000
63.699997
1.350000
50.200001
18.500000
80.800003
3.940000
68.699997
37.799999
58.200001
4.780000
4.100000
16.500000
63.600002
0.290000
3.100000
10.700001
52.199997
3.510000
97.799995
90.299995
58.899998
1.370000
26.800001
11.200000
71.000000
3.630000
94.000000
87.600006
62.900002
4.540000
89.899994
0.400000
95.900002
2.270000
84.799995
87.000000
41.799999
1.330000
60.000000
32.900002
2.400000
4.850000
32.500000
82.600006
4.500000
3.970000
22.799999
55.400002
86.000000
3.730000
29.400002
3.400000
71.699997
2.650000
74.800003
1.700000
97.200005
1.300000
71.199997
82.099998
7.600000
1.810000
42.000000
89.000000
86.099998
2.430000
41.199997
86.800003
20.000000
3.220000
91.800003
9.700001
76.699997
2.090000
61.500000
28.000000
25.100000
1.990000
22.299999
89.099998
61.599998
1.770000
56.700001
15.599999
97.399994
4.390000
13.600000
99.799995
69.000000
4.790000
2.700000
83.800003
53.600002
2.610000
35.500000
64.699997
21.800001
2.420000
89.199997
66.199997
88.699997
0.310000
22.500000
58.299999
23.800001
1.960000
12.500000
39.500000
42.399998
1.220000
0.700000
12.000000
96.199997
3.620000
24.200001
64.199997
89.300003
3.360000
1.300000
8.500000
48.400002
4.380000
48.400002
78.500000
29.200001
3.350000
79.199997
98.900002
28.800001
3.610000
48.500000
4.500000
54.799999
2.470000
30.500000
15.299999
4.500000
1.600000
83.900002
81.699997
22.299999
3.720000
23.900002
45.700001
50.200001
0.990000
6.500000
23.299999
22.500000
3.570000
9.599999
25.200001
35.599998
4.090000
24.300001
15.299999
63.800003
4.730000
22.000000
9.800000
70.599998
4.050000
68.800003
17.900000
14.500000
2.850000
33.900002
91.699997
11.100000
4.880000
9.500000
82.500000
58.099998
3.800000
50.599998
78.800003
63.699997
3.290000
81.699997
71.900002
73.400002
2.230000
56.399998
94.500000
68.400002
4.660000
76.599998
21.800001
61.599998
1.700000
32.799999
89.399994
22.100000
0.540000
9.200000
27.200001
44.899998
1.750000
97.099998
39.000000
47.700001
2.370000
47.700001
74.500000
38.200001
0.980000
6.200000
26.900002
93.900002
0.660000
10.200000
51.700001
66.500000
2.850000
25.900000
54.799999
96.300003
1.490000
7.600000
62.000000
75.000000
3.370000
73.200005
97.299995
43.500000
1.600000
5.700000
89.899994
71.000000
2.780000
51.000000
9.300000
82.700005
2.420000
92.099998
53.299999
5.500000
3.010000
89.000000
73.200005
56.399998
4.980000
56.399998
9.400000
74.800003
1.030000
95.800003
92.099998
53.699997
2.780000
23.199999
10.299999
4.800000
4.060000
71.500000
66.699997
6.200000
0.390000
77.199997
20.799999
39.900002
1.670000
93.300003
75.300003
69.500000
4.010000
39.900002
93.000000
45.200001
4.850000
83.900002
48.099998
31.700001
1.800000
67.199997
2.100000
98.500000
3.710000
36.500000
65.700005
13.000000
3.430000
12.000000
45.900002
52.900002
4.380000
22.799999
98.599998
72.699997
2.890000
45.599998
19.000000
99.700005
2.480000
94.000000
77.199997
99.500000
1.880000
44.599998
30.400000
22.900000
4.650000
48.699997
76.199997
58.400002
0.470000
66.400002
97.099998
33.599998
0.970000
12.000000
2.800000
58.400002
3.010000
66.000000
84.599998
96.000000
2.070000
94.700005
67.699997
63.899998
1.770000
42.500000
67.300003
46.700001
1.360000
84.000000
55.500000
22.700001
1.530000
63.299999
7.500000
99.799995
2.830000
81.500000
82.099998
66.199997
0.940000
87.200005
65.900002
77.199997
1.140000
52.600002
51.399998
85.000000
2.820000
59.899998
73.200005
5.700000
3.190000
68.200005
95.800003
59.400002
2.370000
49.799999
79.400002
5.100000
3.760000
46.199997
44.899998
6.400000
1.120000
9.100000
2.700000
37.799999
2.990000
73.099998
31.600000
90.400002
4.990000
92.700005
17.500000
47.800003
1.780000
34.700001
59.299999
26.199999
3.950000
98.500000
42.600002
8.300000
0.910000
70.700005
98.800003
82.600006
2.790000
32.299999
32.500000
41.399998
2.360000
71.199997
0.700000
50.100002
2.540000
4.800000
78.400002
47.700001
0.980000
60.599998
91.099998
83.500000
4.070000
22.700001
18.000000
18.500000
4.620000
48.299999
15.700001
0.500000
0.150000
63.400002
60.300003
98.900002
1.740000
69.699997
86.899994
88.800003
2.860000
11.000000
8.100000
2.500000
4.000000
28.000000
52.000000
64.599998
3.420000
70.400002
1.500000
41.100002
3.820000
94.799995
94.099998
83.400002
2.320000
26.600000
17.400000
57.600002
2.650000
29.700001
10.100000
64.299995
4.870000
72.000000
98.500000
52.700001
2.250000
52.099998
96.899994
71.599998
4.100000
36.900002
71.900002
30.799999
3.810000
19.799999
69.000000
51.599998
3.120000
41.000000
2.400000
25.000000
4.820000
46.000000
74.500000
12.500000
1.650000
83.500000
49.599998
7.900000
2.100000
8.200000
25.799999
85.200005
1.330000
18.500000
66.199997
14.099999
1.410000
98.199997
80.299995
82.799995
4.750000
90.900002
26.199999
96.400002
2.040000
22.600000
21.800001
45.100002
3.640000
23.099998
42.299999
7.600000
3.450000
30.599998
34.000000
58.200001
2.690000
75.900002
79.699997
87.299995
2.370000
79.699997
67.099998
16.100000
3.430000
53.800003
3.200000
28.800001
1.240000
54.500000
15.200000
18.200001
0.820000
83.500000
4.300000
64.500000
4.280000
78.900002
28.099998
43.500000
4.780000
58.600002
39.799999
98.400002
2.400000
52.299999
94.799995
66.000000
0.760000
69.099998
35.799999
61.399998
3.070000
33.000000
58.899998
48.000000
4.830000
11.100000
33.699997
43.500000
4.130000
87.500000
47.600002
79.400002
1.940000
8.200000
23.699999
1.700000
0.250000
50.400002
46.700001
56.399998
0.050000
72.600006
77.000000
28.199999
3.620000
13.400001
79.199997
46.000000
2.890000
58.400002
50.799999
24.100000
3.100000
23.900002
26.000000
36.000000
4.850000
0.900000
18.099998
73.800003
4.550000
56.500000
70.500000
5.400000
1.590000
62.199997
58.899998
49.400002
4.930000
39.599998
36.199997
5.100000
0.640000
87.200005
13.800000
29.700001
4.260000
4.000000
77.399994
19.700001
1.860000
42.299999
41.399998
64.199997
2.510000
80.699997
34.900002
41.000000
3.550000
63.600002
95.500000
15.700001
1.270000
61.300003
23.800001
74.000000
4.830000
98.500000
95.200005
23.299999
3.450000
94.799995
49.899998
96.000000
0.500000
13.600000
20.799999
30.500000
2.660000
86.500000
0.200000
20.400000
0.140000
28.699999
61.000000
45.200001
1.590000
44.899998
25.299999
67.699997
1.770000
1.400000
94.199997
61.000000
0.300000
47.399998
15.599999
47.099998
1.510000
26.600000
1.400000
61.500000
2.300000
4.000000
14.299999
99.799995
1.260000
87.000000
31.800001
12.400000
1.420000
63.000000
32.000000
39.500000
2.980000
2.400000
94.199997
32.200001
2.860000
78.400002
31.199999
52.700001
2.990000
88.100006
20.699999
75.900002
1.810000
53.600002
27.500000
78.200005
3.250000
33.299999
30.699999
2.600000
3.030000
75.700005
97.500000
72.099998
0.290000
4.400000
5.400000
79.000000
4.330000
55.900002
78.000000
59.599998
1.240000
