10.250000
112.249992
82.000000
4.480000
37.500000
177.250000
116.750000
3.000000
233.999985
110.000000
175.000000
0.890000
64.500000
202.749985
238.000015
4.910000
248.250000
232.750015
205.749985
4.260000
89.750000
147.500000
224.750000
1.530000
73.000000
92.500000
101.000000
1.790000
174.750000
219.000000
110.500000
1.830000
189.250000
131.750000
217.000000
3.730000
160.500000
68.250000
4.500000
3.750000
168.750000
197.000000
72.750000
2.730000
164.000000
165.000000
31.500000
1.960000
56.250000
215.500000
130.500000
0.890000
157.500000
181.250000
4.250000
3.340000
178.750000
183.000000
125.500000
2.770000
76.000000
8.000000
42.000000
3.390000
72.000000
19.000000
7.750000
4.250000
61.250000
156.500000
104.750000
2.580000
218.750000
180.750000
86.500000
3.200000
248.000000
17.500000
92.250000
0.410000
152.500000
152.750000
15.000001
4.150000
184.500000
207.250000
240.500000
3.620000
229.500000
70.500000
232.000000
3.750000
150.500000
78.000000
133.000000
4.960000
25.500000
20.000000
226.750000
0.080000
207.250000
21.000000
158.750000
0.990000
170.500000
230.250000
241.000015
3.020000
160.500000
91.000000
4.000000
1.880000
224.499985
13.249999
66.000000
3.180000
187.750000
139.500000
23.000000
4.800000
240.750000
69.250000
38.000000
0.990000
83.250000
185.750000
158.000000
0.430000
6.750000
10.000000
80.750000
1.480000
231.250000
175.750000
238.250000
4.240000
19.000000
40.250000
247.499985
3.150000
110.500000
68.750000
181.500000
3.630000
232.750015
225.250000
44.250000
2.390000
49.250000
142.500000
104.000000
3.970000
119.750000
4.250000
99.250000
1.100000
225.000000
139.750000
186.000000
1.520000
98.250000
88.250000
149.250000
4.970000
131.750000
119.250000
142.000000
0.330000
149.750000
81.500000
70.250000
2.750000
91.250000
2.250000
148.000000
4.740000
80.250000
44.000000
162.250000
4.360000
68.250000
182.500000
13.249999
4.960000
98.000000
227.749985
223.499985
2.810000
27.250000
116.750000
181.250000
3.640000
156.000000
115.250000
197.500000
4.170000
74.000000
152.750000
197.750000
4.960000
73.750000
152.250000
229.250000
4.170000
145.000000
61.000000
125.750008
4.940000
194.000000
68.250000
54.500000
4.870000
209.750015
144.250000
243.750000
1.370000
48.000000
116.250000
22.500000
3.150000
123.249992
146.500000
71.250000
4.850000
110.250000
43.750000
111.249992
1.050000
140.000000
194.250000
196.000000
2.510000
142.500000
194.500000
245.500000
1.030000
113.000000
149.750000
130.000000
2.680000
8.000000
38.750000
43.000000
0.980000
237.750000
46.250000
199.000000
3.430000
34.250000
125.000000
46.500000
1.290000
62.000000
8.750000
77.000000
1.010000
84.000000
220.500000
214.250000
3.770000
209.999985
30.500000
205.250000
4.140000
215.000015
241.750000
78.000000
1.140000
2.750000
173.500000
138.500000
4.200000
216.249985
91.250000
17.500000
1.910000
149.500000
127.000000
245.750000
3.160000
210.999985
168.500000
97.000000
2.700000
60.000004
101.750008
249.499985
0.640000
39.500000
68.750000
15.250000
3.640000
147.250000
183.500000
205.749985
3.710000
41.250000
38.000000
174.000000
1.550000
239.250000
74.500000
91.500000
1.350000
101.000000
136.250000
107.750000
0.160000
108.500000
125.750008
28.750000
0.240000
174.250000
187.500000
30.750000
3.990000
65.750000
242.750000
167.750000
0.040000
131.750000
104.999992
211.750000
4.240000
48.250000
43.000000
73.500000
3.760000
64.500000
22.250000
116.000000
2.500000
110.749992
177.250000
24.000000
1.780000
71.250000
162.750000
195.250000
2.390000
77.250000
82.750000
38.500000
0.130000
228.000000
199.500000
207.750015
4.040000
77.250000
182.250000
73.250000
0.190000
155.750000
238.750000
120.250000
1.360000
43.250000
50.500000
30.500000
1.570000
132.500000
107.500008
40.500000
4.460000
8.000000
159.500000
66.500000
3.870000
58.999996
1.000000
32.000000
4.520000
185.250000
157.250000
43.250000
2.970000
117.499992
248.750000
41.500000
4.910000
192.250000
224.000000
235.250000
3.770000
48.000000
155.500000
112.750008
4.060000
76.250000
199.750000
76.250000
3.230000
87.000000
34.750000
205.500000
0.140000
120.000008
67.250000
127.750000
1.610000
189.000000
59.500004
190.500000
1.630000
43.750000
243.000000
24.750000
4.640000
46.000000
155.000000
199.500000
0.910000
124.249992
155.750000
135.500000
4.210000
3.000000
235.750000
12.000000
1.530000
243.249985
101.250008
122.000000
0.380000
175.750000
4.500000
121.000000
1.420000
51.250000
63.750000
12.750000
3.850000
42.000000
88.000000
97.750000
4.130000
64.000000
35.250000
58.749996
2.720000
173.000000
183.750000
219.500000
1.580000
69.500000
134.500000
35.000000
1.670000
173.250000
150.750000
248.000000
1.210000
137.500000
168.250000
159.000000
2.500000
88.500000
111.000000
168.500000
0.480000
207.000000
114.750000
4.250000
4.080000
24.500000
32.250000
199.500000
0.510000
7.250000
231.250000
0.250000
2.480000
34.500000
73.750000
141.750000
1.670000
7.750000
184.000000
39.250000
0.990000
218.750000
17.250000
134.000000
4.810000
137.000000
115.000000
155.750000
0.760000
156.000000
224.250000
99.500000
4.640000
224.000000
236.999985
30.750000
0.470000
183.500000
62.000000
46.250000
4.610000
65.750000
63.000000
49.000000
1.000000
6.250000
76.500000
245.750000
2.100000
101.250008
130.500000
33.000000
4.780000
190.250000
227.500015
39.500000
2.200000
233.999985
207.750015
161.000000
3.020000
217.500000
174.000000
234.999985
0.430000
89.250000
248.750000
116.500000
1.980000
8.000000
108.250000
75.250000
2.350000
84.500000
80.500000
117.750000
0.980000
23.000000
218.249985
195.500000
3.050000
111.500000
101.500000
245.250015
3.300000
96.500000
133.500000
20.000000
1.470000
205.749985
81.000000
16.500000
2.920000
201.250000
117.750000
134.000000
1.700000
156.250000
87.000000
129.500000
3.310000
77.000000
62.000000
211.500000
3.030000
221.000000
2.250000
147.000000
0.920000
176.250000
169.500000
143.500000
4.940000
99.750000
26.249998
51.250000
0.560000
138.250000
231.000000
68.500000
2.960000
10.250000
236.500000
145.250000
1.750000
162.000000
239.000015
109.000000
3.410000
127.500000
240.249985
151.250000
4.790000
227.749985
156.000000
14.250000
3.030000
167.750000
231.500000
55.250000
0.980000
182.750000
126.250008
179.750000
1.350000
109.500000
202.000000
54.500000
3.350000
156.250000
225.750000
47.500000
2.200000
206.750015
95.250000
64.250000
1.560000
45.250000
180.500000
159.000000
4.820000
137.750000
248.000000
41.500000
1.540000
239.000015
134.500000
216.500000
3.000000
99.750000
156.250000
208.999985
3.060000
32.250000
112.750008
146.000000
3.160000
101.000000
161.500000
187.750000
4.070000
67.000000
165.250000
7.500000
2.950000
218.750000
13.000000
201.500015
1.090000
4.000000
229.500000
21.000000
1.340000
39.000000
202.000000
5.000000
4.360000
164.250000
17.750000
119.500008
0.840000
241.249985
32.500000
83.500000
2.760000
158.250000
178.500000
5.500000
2.360000
83.750000
187.750000
45.250000
0.900000
59.750004
42.250000
118.750000
3.220000
188.000000
147.000000
65.750000
4.860000
133.000000
131.750000
134.000000
0.640000
115.250000
128.000000
25.750000
1.780000
196.500000
36.250000
145.250000
0.650000
48.750000
168.750000
51.250000
4.450000
199.750000
149.000000
92.250000
2.280000
167.000000
100.500000
250.000000
0.760000
16.250000
192.000000
120.750000
4.210000
70.250000
206.000000
143.000000
0.020000
50.000000
160.250000
175.250000
3.590000
0.250000
37.250000
115.500000
2.040000
38.000000
129.250000
153.000000
3.720000
146.000000
174.500000
196.750000
2.140000
187.500000
45.000000
242.750000
0.360000
75.750000
102.750000
19.250000
2.250000
142.750000
158.750000
242.249985
3.290000
222.750000
16.000000
131.000000
1.550000
132.250000
165.000000
192.000000
2.320000
127.750000
243.000000
65.250000
4.130000
215.750000
130.500000
55.500000
4.580000
72.500000
210.750000
148.000000
2.670000
27.750000
112.000000
31.250000
0.370000
135.500000
183.500000
218.000000
0.690000
102.250000
131.000000
147.250000
4.160000
0.250000
140.000000
7.000000
0.000000
80.500000
21.500000
235.250000
1.120000
96.750000
109.250000
11.000000
1.720000
146.750000
82.750000
152.000000
4.970000
50.000000
189.250000
231.250000
3.470000
33.000000
172.500000
235.500000
3.180000
102.250000
148.750000
187.000000
0.130000
133.000000
190.750000
4.250000
1.620000
42.500000
7.750000
210.999985
0.780000
53.250004
183.250000
226.000000
3.530000
56.250000
185.500000
234.999985
4.260000
73.750000
173.500000
96.500000
4.840000
83.750000
242.750000
131.750000
4.780000
141.500000
126.500000
236.750000
2.960000
16.750000
224.000000
31.500000
1.340000
231.750015
11.750000
101.500000
0.770000
36.750000
101.250008
93.000000
1.920000
151.500000
195.750000
89.000000
0.330000
137.250000
5.000000
180.500000
0.830000
196.000000
247.250015
62.000000
1.390000
228.250000
202.000000
115.500000
3.530000
248.750000
32.500000
52.999996
3.060000
152.750000
2.250000
151.250000
1.780000
167.750000
162.250000
164.250000
0.910000
220.750000
85.750000
98.750000
4.260000
248.750000
63.750000
52.749996
4.440000
71.750000
154.500000
69.250000
2.280000
37.000000
28.250000
76.250000
2.050000
20.500000
1.000000
42.750000
0.380000
74.250000
210.500000
6.500000
1.070000
82.500000
62.250000
223.000000
1.690000
153.500000
220.750000
222.000000
0.540000
115.250000
231.000000
70.250000
1.260000
161.000000
54.500000
99.250000
4.100000
207.000000
87.500000
218.750000
2.190000
247.499985
149.250000
236.999985
4.440000
231.000000
193.000000
119.500008
3.680000
163.250000
72.000000
173.000000
0.780000
177.500000
233.250000
4.500000
3.980000
107.500008
57.000000
124.000000
4.420000
239.000015
121.750000
128.500000
2.190000
228.250000
210.250000
14.500000
1.710000
239.500000
59.500004
25.500000
1.830000
132.750000
202.000000
78.000000
0.330000
45.500000
64.750000
13.500001
4.510000
17.250000
172.500000
115.000000
2.250000
93.000000
196.500000
231.500000
0.280000
24.250000
169.500000
23.250000
3.470000
12.500000
197.000000
238.500000
0.960000
231.750015
165.250000
21.750000
4.890000
232.250000
193.750000
180.500000
3.210000
7.000000
39.750000
188.500000
1.860000
16.500000
221.000000
238.250000
0.690000
80.500000
211.250000
31.750000
2.670000
34.000000
201.250000
166.750000
0.980000
155.500000
149.000000
76.500000
1.840000
170.500000
12.500000
26.499998
2.250000
160.250000
131.750000
163.250000
3.490000
98.000000
99.250000
204.500000
3.030000
127.250000
174.750000
159.500000
0.290000
163.500000
236.250000
84.750000
1.750000
3.750000
162.750000
176.750000
0.520000
70.000000
98.750000
221.250015
3.140000
26.750002
229.500000
178.250000
1.990000
98.750000
126.000000
200.500015
2.440000
77.250000
149.250000
219.000000
2.590000
114.500000
2.750000
28.750000
0.770000
22.500000
195.750000
20.000000
0.090000
69.500000
68.000000
241.750000
0.940000
13.249999
80.000000
173.500000
2.480000
121.000000
174.750000
31.500000
0.540000
105.750000
237.750000
174.500000
1.450000
247.250015
12.750000
61.000000
4.650000
55.000000
99.250000
222.750000
3.450000
160.500000
116.500000
114.500000
1.540000
113.750008
151.750000
36.500000
4.990000
36.250000
93.500000
6.000000
4.180000
159.250000
107.250000
149.000000
2.460000
23.500000
200.750000
65.750000
0.710000
67.750000
194.750000
83.500000
4.080000
217.249985
135.000000
71.750000
0.660000
188.500000
139.500000
78.500000
3.610000
96.750000
219.500000
200.750000
3.240000
197.500000
51.500000
111.249992
3.920000
164.500000
57.250000
124.000000
4.190000
132.750000
33.000000
34.250000
1.520000
163.750000
198.000000
84.750000
1.910000
95.500000
30.750000
176.500000
3.930000
41.750000
137.500000
157.500000
1.080000
15.000001
122.750000
127.500000
4.750000
150.000000
127.000000
55.250000
0.450000
226.250000
113.750008
134.500000
4.050000
36.750000
123.500000
134.250000
4.350000
82.500000
223.000000
80.500000
3.050000
225.750000
225.000000
179.500000
3.040000
79.750000
69.250000
95.250000
1.210000
171.000000
34.000000
140.000000
4.100000
29.000000
125.750008
81.000000
4.850000
80.250000
155.250000
159.000000
4.510000
145.750000
134.500000
65.500000
0.710000
35.750000
88.750000
156.000000
1.780000
216.750000
200.750000
92.000000
0.570000
60.750000
156.500000
36.250000
2.820000
235.750000
144.750000
234.999985
2.490000
102.750000
140.000000
200.500015
0.700000
50.000000
104.750000
153.500000
1.040000
13.249999
39.250000
219.250015
0.420000
124.000000
67.500000
169.000000
0.540000
143.500000
37.000000
35.250000
4.330000
82.750000
1.250000
60.500000
3.880000
120.500008
103.000000
186.000000
2.620000
220.000000
132.250000
44.500000
3.410000
120.000008
189.750000
218.500000
3.620000
222.000000
56.750000
114.000000
4.740000
241.500000
198.750000
24.000000
4.970000
139.000000
195.000000
145.000000
1.350000
141.750000
235.750000
81.750000
2.530000
119.750000
2.750000
165.250000
3.930000
103.750000
226.750000
188.250000
4.560000
96.000000
102.750000
226.750000
1.890000
187.000000
102.000000
49.750000
4.280000
78.750000
239.500000
234.999985
2.530000
39.500000
170.500000
89.000000
1.570000
191.500000
126.000000
131.500000
4.130000
111.000000
4.000000
66.250000
1.700000
75.500000
93.500000
138.750000
3.950000
177.750000
241.249985
249.250000
2.470000
52.749996
20.000000
37.500000
3.090000
117.750000
229.250000
80.000000
4.740000
164.500000
238.500000
158.000000
0.190000
165.500000
161.500000
9.250000
4.480000
41.000000
194.000000
203.000000
2.120000
99.250000
214.000015
171.750000
0.770000
171.250000
4.000000
99.250000
0.340000
124.749992
44.500000
52.000000
1.890000
104.250000
73.000000
119.750000
3.330000
25.750000
27.250000
156.750000
0.930000
45.250000
113.250008
213.500000
1.800000
109.500000
61.750000
174.000000
2.540000
154.000000
111.749992
238.000015
2.850000
219.250015
103.500000
43.000000
3.500000
186.250000
175.500000
87.500000
3.790000
143.500000
203.749985
58.749996
0.070000
36.750000
144.750000
37.250000
3.230000
7.500000
69.750000
38.500000
0.360000
229.749985
119.500008
167.250000
4.640000
161.500000
64.000000
51.500000
3.410000
189.500000
66.250000
185.000000
0.930000
116.999992
30.250000
104.000000
3.300000
174.500000
125.000000
213.250000
3.160000
232.000000
220.000000
62.000000
2.050000
146.500000
145.000000
107.500008
1.560000
9.250000
181.000000
196.750000
2.380000
117.499992
104.000000
89.750000
0.110000
144.750000
96.250000
206.500000
3.440000
79.250000
5.500000
230.000000
4.340000
105.250000
204.250000
190.000000
2.320000
197.750000
147.000000
206.500000
3.490000
237.750000
80.250000
80.750000
3.470000
53.250004
193.250000
150.500000
2.340000
159.000000
103.750000
131.500000
1.940000
65.250000
123.500000
55.000000
0.940000
248.499985
203.749985
47.250000
0.680000
198.250000
154.500000
128.500000
3.120000
112.500000
151.250000
215.500000
1.460000
208.750015
245.250015
168.000000
4.100000
190.750000
139.000000
229.749985
4.800000
84.250000
118.499992
224.750000
4.810000
118.750000
133.250000
121.250000
1.810000
56.000000
246.750000
139.750000
3.030000
209.750015
116.500000
195.750000
4.930000
127.250000
196.750000
190.750000
3.660000
49.250000
134.000000
139.250000
4.260000
235.250000
67.000000
18.250000
1.530000
154.750000
119.000008
203.250000
2.140000
192.750000
144.000000
141.250000
1.370000
99.500000
115.750000
39.750000
4.430000
228.000000
15.750000
92.500000
4.550000
234.999985
49.500000
117.750000
4.670000
88.750000
143.750000
45.500000
0.500000
177.250000
149.750000
0.000000
2.040000
11.250000
219.500000
33.000000
1.500000
175.750000
228.250000
106.750000
2.360000
237.500000
201.750000
215.000015
3.760000
111.249992
148.750000
223.499985
0.940000
29.000000
169.000000
47.250000
4.790000
93.250000
138.000000
58.250000
0.100000
247.499985
165.500000
60.250004
3.450000
56.000000
130.000000
181.750000
0.810000
148.000000
19.500000
72.250000
3.970000
165.750000
42.000000
141.500000
0.080000
137.500000
184.500000
248.499985
1.820000
14.250000
248.250000
169.000000
1.270000
181.500000
219.750000
193.250000
0.340000
22.500000
148.750000
41.500000
2.210000
225.000000
126.750008
39.500000
0.450000
45.000000
242.000000
228.500015
2.350000
161.500000
244.000000
35.500000
4.140000
136.500000
122.750000
153.750000
3.570000
217.249985
194.000000
113.500000
3.670000
34.500000
165.750000
20.500000
2.960000
230.749985
207.750015
155.000000
0.000000
58.999996
135.750000
119.500008
1.640000
33.500000
234.750015
40.000000
3.780000
37.500000
20.250000
15.500000
0.110000
127.750000
63.000000
141.500000
0.360000
215.500000
31.500000
151.750000
3.840000
110.749992
42.500000
236.500000
4.630000
181.500000
35.750000
82.500000
3.380000
48.000000
66.250000
245.250015
3.780000
222.000000
87.750000
123.500000
3.730000
194.750000
156.000000
56.000000
1.830000
174.750000
118.250000
78.750000
0.250000
80.000000
107.000008
46.000000
1.270000
63.500000
183.500000
39.750000
3.620000
159.750000
119.500008
113.000000
0.240000
146.250000
214.000015
56.000000
2.540000
79.250000
122.750000
212.750000
3.870000
13.249999
110.749992
45.750000
0.620000
186.000000
201.500015
69.750000
2.290000
249.000000
107.750000
233.000000
0.700000
75.000000
31.500000
91.250000
2.710000
207.500000
243.500000
15.500000
2.350000
229.000000
156.250000
160.500000
3.310000
36.250000
54.750000
185.750000
1.230000
226.750000
163.250000
111.000000
2.720000
234.250000
46.250000
208.750015
3.110000
177.750000
140.750000
132.500000
1.990000
116.750000
61.500000
137.250000
3.050000
45.000000
70.750000
174.250000
0.740000
156.250000
112.000000
41.250000
0.240000
243.000000
27.500000
115.750000
3.730000
59.750004
216.000015
163.750000
2.880000
85.000000
0.500000
246.499985
3.020000
35.500000
104.000000
162.250000
2.710000
47.250000
138.000000
233.000000
2.020000
36.000000
37.000000
98.250000
1.640000
247.499985
167.750000
128.500000
2.590000
19.750000
241.750000
239.500000
4.210000
149.000000
2.750000
152.500000
1.770000
39.750000
222.250015
225.750000
0.730000
22.500000
91.500000
46.000000
2.620000
117.999992
45.000000
102.000000
1.690000
63.250000
199.500000
97.000000
0.730000
79.500000
144.250000
82.500000
2.530000
94.750000
107.750000
40.750000
4.790000
89.000000
202.500015
11.500000
3.790000
36.250000
60.250004
64.500000
1.840000
216.500000
84.250000
70.000000
0.690000
166.250000
101.500000
190.250000
4.650000
98.500000
249.000000
135.500000
0.020000
2.000000
91.750000
87.000000
2.630000
154.000000
44.500000
20.000000
0.510000
244.250015
187.750000
118.250000
2.010000
123.000000
116.250000
104.499992
1.340000
185.750000
20.500000
17.250000
0.570000
128.000000
47.750000
240.249985
2.380000
217.000000
24.500000
163.250000
3.370000
142.750000
13.249999
16.000000
3.390000
97.500000
175.000000
236.999985
2.450000
47.250000
16.750000
185.000000
0.060000
125.000000
230.250000
189.000000
1.220000
61.750000
156.750000
227.250000
0.910000
85.250000
215.750000
178.250000
2.820000
163.750000
242.000000
109.250000
2.140000
16.750000
196.000000
136.500000
1.380000
149.250000
203.749985
224.499985
4.200000
92.000000
135.250000
215.750000
4.190000
14.749999
208.750015
196.750000
1.400000
124.500000
17.500000
83.750000
0.520000
12.250000
115.500000
183.250000
0.290000
113.500000
187.250000
19.500000
3.630000
78.000000
15.250000
94.250000
2.060000
233.250000
161.500000
34.250000
0.410000
117.250000
37.750000
71.750000
3.580000
52.249996
2.000000
247.750000
1.000000
111.000000
186.000000
4.500000
2.410000
5.250000
226.250000
122.000000
2.300000
248.250000
85.250000
173.500000
1.950000
158.250000
69.250000
83.000000
2.340000
41.500000
218.500000
74.500000
0.950000
239.500000
43.750000
19.000000
2.420000
160.750000
168.250000
162.250000
2.360000
2.250000
249.499985
243.000000
0.280000
56.750000
15.750000
102.250000
2.830000
171.500000
58.000000
8.000000
2.150000
158.000000
211.500000
191.250000
4.100000
247.750000
6.500000
148.250000
4.450000
75.500000
68.250000
75.500000
0.270000
168.000000
241.750000
139.000000
1.610000
60.500000
232.000000
48.000000
4.140000
40.750000
141.500000
233.000000
4.690000
188.750000
0.250000
62.250000
0.950000
116.000000
42.250000
1.000000
0.840000
230.749985
190.000000
244.500000
2.610000
234.500000
236.750000
247.750000
0.670000
199.000000
135.750000
166.750000
1.280000
159.750000
114.000000
246.499985
0.380000
146.000000
51.000000
207.500000
3.150000
91.250000
138.750000
1.750000
2.060000
193.250000
177.250000
119.250000
0.890000
142.500000
50.750000
46.500000
1.450000
188.000000
85.750000
68.000000
3.190000
178.500000
140.500000
101.000000
3.990000
148.000000
123.749992
181.250000
4.930000
195.250000
30.500000
248.250000
0.390000
97.500000
182.500000
66.000000
3.430000
151.750000
160.500000
204.749985
1.420000
55.250000
84.250000
36.000000
2.460000
77.000000
32.750000
145.000000
1.140000
50.750000
14.500000
175.750000
4.180000
82.000000
176.000000
48.750000
0.530000
25.250000
207.000000
245.750000
3.870000
196.750000
152.000000
186.250000
4.490000
77.750000
235.500000
26.750002
1.680000
44.250000
152.250000
50.250000
4.050000
177.750000
112.500000
222.250015
3.180000
70.750000
213.000015
182.000000
0.420000
6.250000
144.750000
44.000000
0.610000
88.500000
26.249998
183.750000
3.720000
165.000000
191.750000
66.750000
2.470000
161.750000
201.500015
25.250000
0.700000
181.250000
2.500000
21.750000
0.360000
181.750000
19.250000
134.000000
2.500000
11.000000
220.000000
196.250000
4.260000
33.500000
144.000000
215.249985
3.960000
40.750000
11.500000
177.750000
2.370000
114.000000
2.750000
87.000000
3.130000
68.500000
238.000015
12.250000
0.840000
44.250000
193.000000
114.750000
2.330000
219.750000
12.500000
11.500000
1.600000
219.500000
244.750000
38.000000
4.430000
173.500000
33.250000
109.000000
4.710000
15.500000
154.000000
121.500000
0.660000
241.000015
202.749985
176.750000
2.910000
201.000000
142.250000
93.750000
4.610000
220.000000
5.500000
229.250000
2.850000
57.250000
85.500000
175.000000
1.900000
120.500008
29.000000
169.250000
3.300000
219.000000
153.250000
98.750000
3.780000
198.500000
164.750000
37.250000
4.180000
24.250000
97.750000
214.500000
3.600000
58.499996
40.500000
169.750000
3.470000
165.250000
175.500000
40.750000
0.210000
86.000000
8.000000
142.500000
2.960000
54.250000
114.500000
98.250000
3.140000
44.000000
133.000000
12.500000
0.040000
117.999992
147.000000
22.500000
4.740000
52.249996
43.000000
4.500000
0.090000
142.250000
157.000000
112.249992
4.160000
112.000000
99.000000
130.000000
4.030000
198.250000
242.000000
136.500000
0.160000
116.000000
9.000000
140.250000
2.500000
96.250000
224.250000
110.749992
2.950000
66.500000
191.500000
88.500000
1.130000
193.500000
154.500000
136.500000
2.640000
234.250000
16.500000
145.500000
2.530000
77.000000
223.250000
120.000008
0.830000
186.500000
54.000004
178.000000
2.230000
148.000000
243.000000
77.000000
0.980000
58.749996
7.000000
87.500000
1.390000
119.750000
69.250000
162.750000
4.530000
248.250000
138.250000
104.499992
3.620000
32.250000
247.750000
87.250000
2.090000
43.000000
169.000000
41.250000
1.380000
9.500000
81.500000
229.500000
3.440000
115.500000
82.250000
94.000000
3.500000
237.500000
171.250000
10.250000
3.350000
13.249999
119.250000
113.250008
1.380000
18.500000
14.500000
37.250000
0.220000
130.250000
10.500000
32.500000
2.230000
60.500000
208.500000
9.000000
0.900000
10.250000
84.250000
133.250000
2.160000
113.000000
175.500000
185.250000
4.970000
216.000015
96.000000
122.000000
0.890000
81.250000
163.500000
6.250000
0.170000
127.000000
14.250000
140.500000
2.830000
210.250000
1.250000
58.250000
3.680000
120.750000
161.500000
138.000000
4.470000
147.250000
211.750000
39.750000
2.100000
150.250000
81.500000
193.000000
1.150000
151.000000
210.250000
220.250015
1.590000
221.000000
58.499996
100.250008
2.310000
0.750000
66.000000
204.000000
1.610000
215.000015
228.500015
171.500000
3.890000
171.250000
64.000000
184.500000
0.650000
94.750000
231.500000
148.500000
0.490000
0.250000
25.250000
3.750000
0.940000
143.750000
32.250000
153.000000
1.340000
211.250000
100.250008
70.750000
3.780000
163.000000
117.999992
146.000000
1.250000
10.000000
52.749996
113.250008
1.020000
206.000000
151.500000
2.500000
3.460000
152.000000
63.500000
245.250015
2.250000
42.750000
111.000000
70.500000
1.230000
71.250000
244.250015
30.000002
3.870000
220.500000
175.250000
158.500000
1.460000
140.250000
219.750000
159.500000
1.140000
56.750000
91.500000
154.750000
2.000000
145.500000
206.000000
48.000000
4.950000
64.000000
55.250000
10.000000
4.050000
43.750000
137.750000
190.250000
2.650000
70.750000
243.000000
123.000000
4.300000
34.000000
172.500000
132.500000
4.570000
26.499998
51.250000
133.250000
2.910000
108.750000
152.750000
96.000000
2.530000
17.750000
230.749985
117.750000
0.530000
137.000000
118.750000
142.000000
1.230000
184.750000
132.000000
165.750000
4.980000
113.750008
133.500000
223.250000
3.390000
186.000000
186.750000
186.250000
4.030000
55.750000
9.000000
181.500000
3.970000
7.750000
186.750000
95.750000
4.880000
61.500000
193.500000
44.250000
4.080000
26.750002
21.500000
171.750000
1.550000
170.250000
161.000000
148.750000
4.840000
247.250015
58.250000
219.000000
1.240000
34.500000
225.250000
167.250000
3.140000
143.250000
105.999992
102.750000
0.500000
25.750000
110.500000
182.500000
1.180000
209.750015
107.500008
94.000000
4.200000
201.500015
95.500000
172.000000
3.070000
230.749985
69.500000
48.750000
1.470000
190.500000
161.250000
9.500000
4.050000
229.250000
195.250000
198.750000
0.580000
105.499992
180.000000
150.750000
0.780000
114.500000
47.000000
126.500000
1.480000
143.000000
212.250000
195.500000
3.540000
109.000000
10.000000
203.749985
3.460000
239.500000
6.500000
16.000000
4.990000
9.000000
96.500000
208.500000
0.450000
165.500000
92.500000
153.250000
4.270000
158.500000
22.000000
44.750000
0.430000
16.000000
91.750000
54.750000
1.490000
187.750000
92.500000
25.000000
4.520000
63.250000
208.000000
99.500000
0.580000
217.249985
208.000000
213.750000
4.000000
160.000000
217.249985
117.999992
3.620000
225.250000
61.000000
57.250000
0.350000
189.500000
204.000000
210.500000
0.150000
228.749985
187.250000
27.250000
1.970000
163.250000
80.750000
79.500000
4.600000
183.750000
75.250000
242.249985
0.750000
84.000000
17.500000
12.000000
4.140000
28.250000
66.250000
206.000000
1.810000
140.000000
177.000000
6.000000
4.890000
224.000000
38.750000
179.000000
1.750000
130.000000
4.750000
233.999985
0.650000
50.250000
22.750000
209.750015
3.070000
202.250000
160.750000
97.750000
1.650000
156.500000
64.500000
168.750000
3.190000
10.000000
190.000000
119.500008
2.160000
217.750000
134.750000
144.750000
1.650000
63.500000
29.750002
28.500000
3.990000
17.250000
91.000000
37.250000
1.950000
112.750008
230.500000
29.249998
1.840000
98.750000
163.250000
169.000000
0.320000
179.500000
239.000015
168.250000
4.460000
208.500000
246.750000
107.500008
0.450000
171.000000
248.250000
30.500000
4.890000
245.000000
65.750000
235.500000
1.990000
205.250000
12.750000
154.750000
1.330000
166.750000
29.750002
207.000000
4.960000
220.750000
59.750004
155.500000
4.020000
16.000000
228.000000
210.250000
2.060000
149.500000
131.000000
235.750000
2.040000
175.000000
109.750000
22.000000
1.930000
204.500000
109.000000
55.500000
2.750000
52.000000
78.500000
65.500000
0.970000
215.750000
5.750000
39.500000
3.490000
149.250000
19.750000
224.499985
3.490000
229.250000
14.500000
92.750000
4.790000
44.750000
20.500000
100.750008
2.340000
190.500000
98.000000
166.750000
2.570000
176.000000
194.000000
206.250000
3.700000
155.250000
16.750000
176.750000
1.400000
130.500000
245.250015
16.000000
4.550000
151.500000
98.500000
143.750000
3.340000
57.500000
160.000000
22.500000
4.020000
120.250000
10.500000
90.000000
0.840000
109.000000
147.000000
202.250000
2.900000
72.000000
242.500000
80.750000
0.510000
195.750000
157.000000
114.250008
2.610000
193.500000
58.000000
11.500000
4.710000
204.250000
138.000000
246.750000
4.270000
195.500000
157.250000
246.000000
2.890000
18.500000
233.250000
12.250000
4.730000
201.000000
172.750000
185.500000
0.200000
166.500000
197.500000
89.750000
1.220000
206.000000
60.750000
34.750000
0.570000
84.750000
142.250000
46.500000
1.130000
12.500000
146.750000
232.250000
3.750000
164.000000
183.000000
247.000000
3.550000
236.999985
58.749996
180.000000
3.440000
24.500000
125.500000
250.000000
0.490000
235.250000
19.500000
118.750000
4.090000
106.500008
197.250000
249.250000
3.520000
210.250000
9.750000
21.500000
4.560000
94.250000
161.000000
132.500000
3.590000
65.000000
156.000000
65.000000
4.860000
133.000000
187.750000
116.000000
4.390000
174.250000
22.500000
216.249985
4.470000
233.999985
91.000000
137.000000
4.930000
113.250008
96.000000
117.999992
4.870000
103.000000
90.750000
62.000000
3.670000
144.750000
5.000000
89.000000
4.610000
40.000000
158.500000
229.500000
4.920000
127.250000
52.000000
122.250000
2.530000
217.500000
181.750000
151.500000
4.560000
178.500000
161.500000
128.500000
2.690000
38.000000
134.000000
170.250000
0.370000
64.500000
90.250000
164.000000
1.200000
10.500000
72.250000
5.750000
3.320000
93.750000
106.750000
37.750000
4.060000
205.500000
183.250000
223.250000
0.800000
183.000000
61.500000
187.750000
0.560000
72.500000
76.000000
10.000000
4.600000
113.250008
48.000000
178.250000
3.030000
244.750000
112.000000
58.499996
3.860000
195.000000
150.500000
174.750000
4.980000
86.250000
72.250000
152.500000
0.830000
83.250000
150.000000
39.250000
2.390000
239.000015
33.750000
211.999985
1.640000
158.500000
188.000000
247.000000
1.880000
19.750000
136.000000
112.750008
3.670000
233.250000
215.000015
196.500000
3.610000
93.500000
66.000000
105.750000
1.140000
133.000000
134.500000
122.500000
4.210000
216.249985
72.000000
36.250000
4.280000
29.499998
114.500000
17.500000
3.380000
206.000000
245.000000
73.250000
0.580000
69.000000
143.500000
207.250000
0.690000
113.750008
243.750000
107.500008
2.760000
117.499992
88.000000
68.500000
3.840000
41.250000
23.250000
78.750000
3.750000
148.500000
110.000000
232.750015
3.240000
5.250000
105.499992
220.500000
4.460000
241.000015
123.000000
135.750000
3.030000
220.500000
85.500000
95.000000
3.460000
56.250000
35.000000
163.250000
0.360000
75.500000
216.249985
171.000000
1.450000
118.499992
53.500004
183.000000
2.260000
161.000000
11.250000
22.250000
0.830000
71.000000
156.250000
101.000000
0.530000
41.000000
140.000000
179.500000
4.860000
165.500000
74.000000
191.250000
3.510000
247.000000
142.500000
145.750000
4.810000
153.000000
178.750000
95.000000
0.570000
175.000000
223.250000
60.250004
4.160000
148.750000
22.750000
114.500000
1.710000
73.500000
93.750000
209.250000
4.360000
202.500015
142.250000
194.000000
2.900000
209.999985
62.000000
33.500000
2.700000
10.500000
76.750000
36.500000
2.210000
115.250000
104.499992
137.250000
1.970000
98.000000
166.500000
87.500000
0.090000
164.750000
67.000000
76.000000
1.970000
209.500000
51.500000
243.500000
1.180000
118.499992
218.000000
242.000000
3.940000
220.000000
133.000000
113.750008
2.220000
130.750000
193.250000
64.750000
0.960000
124.000000
133.250000
78.750000
0.820000
5.250000
29.249998
61.500000
0.880000
206.500000
168.000000
112.500000
4.060000
30.500000
20.750000
231.250000
1.640000
127.500000
22.750000
135.500000
1.900000
199.000000
117.250000
67.750000
1.970000
125.750008
153.250000
67.750000
1.670000
89.250000
155.750000
201.000000
2.290000
178.250000
205.500000
43.500000
0.120000
28.500000
91.500000
71.500000
4.330000
50.000000
128.750000
195.250000
1.680000
174.250000
174.750000
1.000000
3.760000
171.750000
161.250000
44.250000
4.380000
186.250000
91.750000
230.000000
3.500000
11.750000
186.750000
149.500000
4.670000
236.750000
57.750000
31.500000
1.040000
52.999996
215.249985
28.000000
0.220000
198.500000
84.500000
33.000000
0.700000
93.000000
138.000000
113.750008
1.480000
231.250000
103.500000
206.500000
2.530000
133.500000
152.000000
226.250000
4.220000
0.250000
45.250000
48.750000
2.310000
213.500000
60.250004
72.500000
2.790000
191.250000
125.500000
108.250000
4.390000
136.250000
161.750000
65.250000
4.380000
91.500000
154.250000
156.750000
4.170000
5.500000
244.750000
201.500015
2.200000
134.500000
184.250000
196.000000
2.920000
63.750000
6.750000
175.250000
4.400000
110.000000
131.250000
58.499996
4.980000
37.500000
111.249992
38.750000
2.870000
70.000000
18.750000
77.250000
0.060000
74.750000
18.750000
243.500000
0.120000
2.750000
13.000000
181.750000
2.620000
151.000000
207.500000
110.250000
3.740000
169.000000
227.749985
164.000000
3.610000
154.000000
80.750000
21.750000
2.970000
151.250000
238.750000
137.750000
1.650000
168.000000
137.500000
202.500015
3.960000
23.000000
67.250000
180.500000
3.670000
104.750000
73.250000
35.500000
4.170000
92.750000
43.000000
126.000000
3.630000
98.500000
245.000000
164.500000
2.280000
49.750000
148.250000
201.000000
2.020000
169.500000
239.250000
1.250000
2.280000
176.000000
58.250000
193.500000
1.370000
112.249992
28.250000
204.749985
3.320000
66.500000
218.500000
239.500000
4.470000
154.250000
218.000000
87.000000
2.450000
3.500000
60.000004
220.250015
3.510000
243.500000
219.500000
73.500000
1.140000
210.750000
109.750000
124.500000
1.230000
83.750000
189.750000
51.250000
4.880000
35.500000
149.000000
228.500015
4.760000
218.000000
0.750000
124.500000
0.440000
132.500000
36.750000
52.749996
2.380000
226.250000
225.250000
46.500000
4.150000
45.500000
49.250000
171.750000
4.320000
54.750000
18.500000
101.250008
1.980000
16.500000
144.750000
214.750000
1.100000
246.000000
33.750000
163.500000
0.560000
130.000000
54.750000
207.000000
2.220000
142.250000
232.000000
161.250000
3.990000
3.500000
73.500000
199.000000
2.150000
30.500000
143.500000
249.000000
0.620000
194.000000
246.499985
85.000000
0.780000
76.250000
174.500000
81.000000
2.570000
249.000000
72.500000
148.500000
4.210000
94.500000
82.750000
16.250000
0.300000
209.750015
4.000000
122.750000
3.860000
66.000000
108.000008
83.000000
2.940000
210.500000
247.499985
217.500000
3.190000
102.500000
112.750008
216.249985
4.480000
106.500008
56.000000
159.250000
1.350000
125.500000
46.250000
202.000000
3.940000
171.750000
94.500000
145.500000
4.780000
10.250000
41.250000
159.000000
0.290000
7.750000
26.750002
130.500000
3.510000
244.500000
225.750000
147.250000
1.370000
67.000000
28.000000
177.500000
3.630000
234.999985
219.000000
157.250000
4.540000
224.750000
1.000000
239.750000
2.270000
211.999985
217.500000
104.499992
1.330000
150.000000
82.250000
6.000000
4.850000
81.250000
206.500000
11.250000
3.970000
57.000000
138.500000
215.000015
3.730000
73.500000
8.500000
179.250000
2.650000
187.000000
4.250000
243.000000
1.300000
178.000000
205.250000
19.000000
1.810000
104.999992
222.499985
215.249985
2.430000
103.000000
217.000000
50.000000
3.220000
229.500000
24.250000
191.750000
2.090000
153.750000
70.000000
62.750000
1.990000
55.750000
222.750000
154.000000
1.770000
141.750000
39.000000
243.500000
4.390000
34.000000
249.499985
172.500000
4.790000
6.750000
209.500000
134.000000
2.610000
88.750000
161.750000
54.500000
2.420000
223.000000
165.500000
221.750000
0.310000
56.250000
145.750000
59.500004
1.960000
31.250000
98.750000
105.999992
1.220000
1.750000
30.000002
240.500000
3.620000
60.500000
160.500000
223.250000
3.360000
3.250000
21.250000
121.000000
4.380000
121.000000
196.250000
73.000000
3.350000
198.000000
247.250015
72.000000
3.610000
121.250000
11.250000
137.000000
2.470000
76.250000
38.250000
11.250000
1.600000
209.750015
204.250000
55.750000
3.720000
59.750004
114.250008
125.500000
0.990000
16.250000
58.250000
56.250000
3.570000
24.000000
63.000000
89.000000
4.090000
60.750000
38.250000
159.500000
4.730000
55.000000
24.500000
176.500000
4.050000
172.000000
44.750000
36.250000
2.850000
84.750000
229.250000
27.750000
4.880000
23.750000
206.250000
145.250000
3.800000
126.500000
197.000000
159.250000
3.290000
204.250000
179.750000
183.500000
2.230000
141.000000
236.250000
171.000000
4.660000
191.500000
54.500000
154.000000
1.700000
82.000000
223.499985
55.250000
0.540000
23.000000
68.000000
112.249992
1.750000
242.750000
97.500000
119.250000
2.370000
119.250000
186.250000
95.500000
0.980000
15.500000
67.250000
234.750015
0.660000
25.500000
129.250000
166.250000
2.850000
64.750000
137.000000
240.750000
1.490000
19.000000
155.000000
187.500000
3.370000
183.000000
243.249985
108.750000
1.600000
14.250000
224.750000
177.500000
2.780000
127.500000
23.250000
206.750015
2.420000
230.250000
133.250000
13.750000
3.010000
222.499985
183.000000
141.000000
4.980000
141.000000
23.500000
187.000000
1.030000
239.500000
230.250000
134.250000
2.780000
58.000000
25.750000
12.000000
4.060000
178.750000
166.750000
15.500000
0.390000
193.000000
52.000000
99.750000
1.670000
233.250000
188.250000
173.750000
4.010000
99.750000
232.500000
113.000000
4.850000
209.750015
120.250000
79.250000
1.800000
168.000000
5.250000
246.250015
3.710000
91.250000
164.250000
32.500000
3.430000
30.000002
114.750000
132.250000
4.380000
57.000000
246.499985
181.750000
2.890000
114.000000
47.500000
249.250000
2.480000
234.999985
193.000000
248.750000
1.880000
111.500000
76.000000
57.250000
4.650000
121.750000
190.500000
146.000000
0.470000
166.000000
242.750000
84.000000
0.970000
30.000002
7.000000
146.000000
3.010000
165.000000
211.500000
240.000015
2.070000
236.750000
169.250000
159.750000
1.770000
106.250000
168.250000
116.750000
1.360000
209.999985
138.750000
56.750000
1.530000
158.250000
18.750000
249.499985
2.830000
203.749985
205.250000
165.500000
0.940000
218.000000
164.750000
193.000000
1.140000
131.500000
128.500000
212.500000
2.820000
149.750000
183.000000
14.250000
3.190000
170.500000
239.500000
148.500000
2.370000
124.500000
198.500000
12.750000
3.760000
115.500000
112.249992
16.000000
1.120000
22.750000
6.750000
94.500000
2.990000
182.750000
79.000000
226.000000
4.990000
231.750015
43.750000
119.500008
1.780000
86.750000
148.250000
65.500000
3.950000
246.250015
106.500008
20.750000
0.910000
176.750000
247.000000
206.500000
2.790000
80.750000
81.250000
103.500000
2.360000
178.000000
1.750000
125.250008
2.540000
12.000000
196.000000
119.250000
0.980000
151.500000
227.749985
208.750015
4.070000
56.750000
45.000000
46.250000
4.620000
120.750000
39.250000
1.250000
0.150000
158.500000
150.750000
247.250015
1.740000
174.250000
217.249985
222.000000
2.860000
27.500000
20.250000
6.250000
4.000000
70.000000
130.000000
161.500000
3.420000
176.000000
3.750000
102.750000
3.820000
236.999985
235.250000
208.500000
2.320000
66.500000
43.500000
144.000000
2.650000
74.250000
25.250000
160.750000
4.870000
180.000000
246.250015
131.750000
2.250000
130.250000
242.249985
179.000000
4.100000
92.250000
179.750000
77.000000
3.810000
49.500000
172.500000
129.000000
3.120000
102.500000
6.000000
62.500000
4.820000
115.000000
186.250000
31.250000
1.650000
208.750015
124.000000
19.750000
2.100000
20.500000
64.500000
213.000015
1.330000
46.250000
165.500000
35.250000
1.410000
245.500000
200.750000
207.000000
4.750000
227.250000
65.500000
241.000015
2.040000
56.500000
54.500000
112.750008
3.640000
57.750000
105.750000
19.000000
3.450000
76.500000
85.000000
145.500000
2.690000
189.750000
199.250000
218.249985
2.370000
199.250000
167.750000
40.250000
3.430000
134.500000
8.000000
72.000000
1.240000
136.250000
38.000000
45.500000
0.820000
208.750015
10.750000
161.250000
4.280000
197.250000
70.250000
108.750000
4.780000
146.500000
99.500000
246.000000
2.400000
130.750000
236.999985
165.000000
0.760000
172.750000
89.500000
153.500000
3.070000
82.500000
147.250000
120.000008
4.830000
27.750000
84.250000
108.750000
4.130000
218.750000
119.000008
198.500000
1.940000
20.500000
59.249996
4.250000
0.250000
126.000000
116.750000
141.000000
0.050000
181.500000
192.500000
70.500000
3.620000
33.500000
198.000000
115.000000
2.890000
146.000000
127.000000
60.250004
3.100000
59.750004
65.000000
90.000000
4.850000
2.250000
45.250000
184.500000
4.550000
141.250000
176.250000
13.500001
1.590000
155.500000
147.250000
123.500000
4.930000
99.000000
90.500000
12.750000
0.640000
218.000000
34.500000
74.250000
4.260000
10.000000
193.500000
49.250000
1.860000
105.750000
103.500000
160.500000
2.510000
201.750000
87.250000
102.500000
3.550000
159.000000
238.750000
39.250000
1.270000
153.250000
59.500004
185.000000
4.830000
246.250015
238.000015
58.250000
3.450000
236.999985
124.749992
240.000015
0.500000
34.000000
52.000000
76.250000
2.660000
216.249985
0.500000
51.000000
0.140000
71.750000
152.500000
113.000000
1.590000
112.249992
63.250000
169.250000
1.770000
3.500000
235.500000
152.500000
0.300000
118.499992
39.000000
117.750000
1.510000
66.500000
3.500000
153.750000
2.300000
10.000000
35.750000
249.499985
1.260000
217.500000
79.500000
31.000000
1.420000
157.500000
80.000000
98.750000
2.980000
6.000000
235.500000
80.500000
2.860000
196.000000
78.000000
131.750000
2.990000
220.250015
51.750000
189.750000
1.810000
134.000000
68.750000
195.500000
3.250000
83.250000
76.750000
6.500000
3.030000
189.250000
243.750000
180.250000
0.290000
11.000000
13.500001
197.500000
4.330000
139.750000
195.000000
149.000000
1.240000
