11.750000
23.250000
95.500000
4.070000
22.000000
151.250000
111.000000
4.430000
148.250000
47.000000
2.750000
2.210000
147.250000
220.250015
65.000000
1.270000
35.500000
100.750008
85.250000
3.500000
210.500000
168.000000
200.750000
3.700000
152.500000
42.250000
205.500000
1.430000
201.000000
26.750002
186.750000
1.580000
148.750000
147.500000
61.000000
1.150000
210.500000
37.250000
72.500000
4.060000
201.500015
223.250000
131.250000
4.140000
154.250000
50.000000
101.000000
2.600000
237.750000
128.000000
228.250000
1.770000
125.750008
31.000000
140.000000
2.270000
33.750000
115.000000
187.250000
4.940000
229.000000
8.500000
93.000000
1.390000
235.250000
131.750000
67.500000
0.260000
112.500000
42.750000
143.000000
2.500000
170.750000
42.000000
51.250000
0.420000
67.750000
168.000000
206.250000
0.960000
12.000000
103.750000
159.750000
1.150000
87.000000
106.250000
223.750000
0.530000
240.249985
73.750000
146.250000
0.340000
43.750000
124.000000
161.000000
0.710000
164.500000
27.000002
208.250000
4.820000
247.250015
224.499985
29.000000
3.180000
1.000000
242.000000
227.000000
4.120000
232.500000
116.500000
180.250000
1.790000
139.000000
51.000000
209.500000
1.090000
163.000000
218.750000
21.750000
1.730000
63.500000
170.250000
206.500000
0.270000
249.750000
26.000000
145.000000
2.390000
220.500000
27.000002
130.500000
1.390000
115.250000
175.750000
32.250000
1.200000
81.250000
71.750000
191.750000
4.580000
26.000000
174.000000
49.750000
4.240000
156.250000
85.250000
26.750002
0.330000
169.750000
179.000000
134.000000
0.820000
238.250000
232.500000
60.500000
3.650000
64.750000
119.000008
211.500000
1.910000
11.500000
36.000000
168.750000
3.850000
17.000000
56.750000
115.750000
4.360000
57.500000
123.500000
232.500000
1.240000
244.000000
104.750000
238.250000
4.170000
59.249996
148.500000
13.500001
0.800000
9.250000
48.000000
188.250000
4.490000
205.250000
166.000000
140.500000
2.600000
125.500000
225.500015
172.750000
3.490000
104.000000
233.750015
94.500000
2.180000
169.500000
197.250000
138.500000
3.190000
166.250000
131.500000
56.750000
4.850000
112.000000
173.000000
79.250000
1.200000
35.250000
25.500000
60.000004
4.640000
213.500000
122.500000
156.750000
3.120000
47.000000
35.500000
63.750000
4.440000
167.500000
168.500000
2.000000
2.100000
71.500000
60.500000
115.500000
2.710000
206.000000
44.000000
120.750000
4.980000
18.750000
40.750000
193.500000
3.370000
207.500000
194.500000
53.750004
1.630000
112.000000
78.750000
60.000004
3.260000
215.750000
0.500000
41.000000
2.870000
104.250000
166.500000
18.000000
4.720000
240.750000
124.500000
70.000000
0.390000
63.000000
50.500000
244.500000
0.880000
191.000000
163.000000
229.250000
3.690000
1.250000
6.000000
106.250000
1.920000
89.250000
88.250000
119.250000
0.490000
191.750000
196.500000
93.250000
2.220000
130.500000
81.750000
239.750000
0.530000
174.500000
226.250000
179.000000
3.220000
46.000000
20.000000
157.000000
0.810000
184.500000
130.250000
62.750000
4.390000
157.500000
170.250000
225.000000
2.020000
191.500000
9.500000
64.750000
1.900000
116.250000
90.000000
247.750000
4.550000
135.000000
27.250000
44.750000
2.310000
174.000000
134.000000
127.000000
0.670000
63.750000
92.000000
224.750000
0.910000
85.000000
17.250000
72.750000
3.450000
234.250000
120.000008
140.500000
3.160000
2.750000
168.500000
31.000000
4.390000
189.500000
191.250000
90.500000
1.940000
63.000000
170.750000
20.250000
4.260000
126.500000
129.750000
117.999992
0.590000
109.500000
43.000000
107.250000
1.600000
153.500000
86.500000
21.000000
1.020000
222.499985
80.000000
89.750000
3.090000
33.250000
248.750000
183.250000
3.320000
174.500000
128.250000
150.000000
1.910000
39.000000
19.000000
76.250000
2.810000
121.250000
103.250000
32.750000
4.800000
242.000000
204.500000
71.000000
0.320000
184.750000
113.500000
164.500000
4.270000
31.000000
6.500000
171.500000
4.960000
174.750000
106.250000
8.750000
1.340000
162.250000
190.000000
134.000000
2.270000
153.250000
137.250000
128.000000
4.450000
240.750000
38.000000
35.000000
1.550000
163.750000
211.750000
107.750000
4.110000
65.500000
96.750000
99.500000
2.930000
129.000000
84.750000
76.000000
0.390000
109.500000
42.750000
231.250000
0.400000
140.500000
96.500000
108.000008
1.410000
25.000000
143.750000
123.500000
1.550000
101.000000
85.750000
208.999985
2.590000
118.499992
202.250000
49.750000
3.430000
215.500000
122.250000
30.000002
2.780000
138.500000
111.000000
85.000000
4.140000
22.500000
63.500000
15.750000
0.430000
125.750008
147.000000
177.500000
0.170000
117.499992
184.750000
62.250000
0.350000
233.750015
86.000000
219.000000
2.940000
215.000015
165.250000
247.000000
2.590000
72.750000
108.250000
6.750000
0.930000
114.500000
211.750000
114.000000
2.180000
142.750000
12.000000
96.000000
2.820000
60.750000
75.750000
2.250000
4.510000
141.750000
179.250000
240.750000
0.370000
20.250000
41.500000
8.250000
1.790000
158.000000
69.500000
174.250000
4.500000
56.250000
118.499992
57.500000
2.520000
143.750000
114.750000
97.750000
4.750000
167.500000
208.999985
202.250000
0.360000
136.500000
24.000000
5.750000
1.090000
172.000000
82.250000
17.250000
1.480000
110.250000
77.250000
87.750000
0.320000
246.000000
21.250000
244.750000
3.220000
59.249996
173.750000
180.000000
3.420000
103.750000
57.250000
37.500000
4.050000
196.750000
54.250000
149.250000
3.750000
178.500000
28.000000
232.250000
2.110000
17.500000
14.749999
190.750000
0.320000
200.750000
28.500000
202.749985
0.970000
125.250008
54.250000
6.250000
2.520000
107.750000
30.750000
31.750000
0.740000
89.250000
187.750000
48.000000
4.160000
68.000000
144.250000
126.750008
4.610000
171.250000
21.500000
42.250000
3.140000
103.000000
67.750000
170.250000
2.950000
125.750008
128.250000
147.250000
3.040000
157.750000
44.500000
97.250000
3.240000
38.500000
151.500000
221.250015
4.700000
101.250008
160.250000
107.750000
1.220000
92.000000
161.250000
210.250000
4.370000
209.250000
27.500000
227.500015
4.430000
148.000000
70.250000
95.000000
0.180000
78.250000
228.000000
11.250000
1.050000
8.000000
151.750000
125.000000
1.050000
103.750000
245.750000
217.000000
0.350000
93.250000
2.000000
143.500000
1.820000
189.250000
102.750000
158.750000
0.230000
185.250000
185.750000
101.500000
2.990000
137.750000
105.999992
204.500000
4.360000
98.500000
30.250000
179.500000
3.510000
224.499985
194.500000
213.000015
0.360000
36.000000
16.250000
245.000000
4.370000
147.750000
48.750000
92.000000
0.040000
173.500000
66.250000
239.250000
4.080000
15.750000
236.750000
45.750000
0.080000
60.500000
230.500000
211.500000
1.070000
196.500000
197.500000
17.250000
3.970000
69.250000
58.999996
237.500000
2.850000
77.500000
220.000000
143.750000
3.570000
156.000000
179.250000
181.250000
4.140000
65.500000
55.250000
111.749992
0.780000
237.500000
81.000000
109.250000
4.850000
76.250000
123.249992
78.750000
3.830000
168.750000
41.500000
165.250000
0.980000
160.500000
237.750000
221.499985
0.630000
114.750000
156.250000
147.250000
4.270000
157.000000
43.000000
201.250000
0.040000
205.000000
57.000000
178.250000
4.860000
233.000000
35.500000
180.000000
0.710000
68.250000
176.250000
26.750002
4.780000
97.500000
243.750000
110.500000
0.130000
167.500000
140.500000
127.000000
1.230000
21.500000
214.250000
83.250000
4.370000
247.000000
148.250000
209.500000
0.940000
148.500000
203.749985
179.000000
0.870000
28.750000
144.250000
34.000000
3.140000
208.000000
194.250000
177.500000
3.760000
90.500000
191.750000
18.250000
0.630000
173.000000
130.500000
73.750000
0.470000
38.750000
9.000000
95.750000
2.600000
138.000000
232.500000
149.000000
0.950000
51.750000
138.250000
109.750000
2.350000
103.250000
109.500000
31.500000
3.860000
180.250000
27.250000
50.750000
1.890000
147.750000
37.250000
197.750000
0.520000
52.499996
110.749992
113.000000
0.540000
112.500000
0.500000
129.500000
3.030000
23.500000
140.000000
175.500000
1.070000
33.500000
15.750000
126.000000
3.830000
6.750000
122.750000
220.750000
4.120000
238.750000
154.000000
59.249996
0.510000
36.250000
186.000000
83.750000
2.200000
9.500000
123.000000
112.750008
0.370000
27.750000
9.500000
144.500000
1.720000
41.000000
56.250000
150.000000
4.710000
69.750000
184.250000
105.750000
2.850000
97.750000
140.500000
51.250000
1.220000
31.500000
242.249985
153.500000
1.150000
189.000000
164.500000
141.500000
0.160000
49.500000
177.750000
58.499996
1.340000
100.500000
61.000000
73.250000
2.330000
113.000000
41.000000
133.250000
0.670000
50.750000
51.500000
221.000000
2.080000
15.500000
186.500000
233.000000
0.300000
188.250000
183.250000
189.250000
2.010000
135.250000
228.250000
21.500000
2.530000
203.250000
138.000000
201.750000
3.700000
62.500000
218.750000
204.250000
2.880000
159.000000
78.500000
75.250000
3.220000
148.750000
1.750000
102.500000
4.140000
217.000000
240.750000
88.750000
4.540000
76.500000
202.749985
236.250000
4.150000
93.250000
88.750000
83.000000
4.900000
18.750000
141.000000
59.750004
0.590000
248.750000
71.000000
59.500004
0.850000
243.249985
35.250000
121.000000
1.530000
141.750000
139.000000
143.250000
3.450000
13.000000
30.750000
248.499985
0.000000
46.000000
231.000000
212.750000
2.060000
122.250000
13.249999
84.500000
2.190000
84.500000
220.750000
106.250000
2.130000
24.500000
65.750000
137.750000
4.870000
106.250000
196.500000
247.250015
2.020000
16.750000
197.500000
228.250000
1.300000
2.500000
72.750000
14.000000
2.310000
144.750000
94.250000
33.500000
3.410000
12.500000
64.000000
80.000000
2.450000
216.000015
94.000000
66.750000
1.510000
100.250008
61.000000
175.750000
4.900000
69.500000
100.000000
165.500000
4.090000
25.250000
232.250000
90.500000
3.330000
149.750000
35.000000
183.750000
3.320000
230.000000
145.500000
19.750000
4.720000
122.250000
184.750000
211.500000
3.760000
22.500000
16.500000
90.250000
0.180000
178.500000
144.750000
224.499985
4.430000
178.750000
209.500000
104.250000
0.890000
210.999985
64.750000
3.500000
2.240000
53.500004
146.750000
112.750008
0.590000
99.250000
36.750000
147.750000
4.050000
111.000000
225.000000
87.000000
2.270000
166.500000
3.500000
52.249996
2.600000
81.750000
116.250000
38.000000
1.480000
170.500000
244.750000
153.000000
4.410000
39.500000
66.750000
116.750000
4.690000
81.750000
42.750000
134.250000
1.510000
37.750000
11.000000
197.250000
2.440000
82.000000
203.250000
218.000000
2.060000
165.750000
179.250000
105.250000
4.390000
137.500000
14.500000
249.750000
2.740000
62.000000
176.750000
63.750000
4.220000
162.750000
130.500000
69.500000
3.240000
135.750000
86.750000
17.000000
1.470000
204.749985
142.500000
27.250000
3.350000
175.750000
147.500000
57.000000
0.100000
87.250000
126.000000
178.500000
0.220000
80.500000
112.750008
242.750000
0.130000
221.499985
155.500000
248.750000
2.220000
52.749996
145.250000
152.500000
4.100000
31.000000
183.500000
127.000000
2.810000
137.500000
23.750000
87.250000
2.190000
178.000000
50.250000
104.499992
0.350000
95.500000
178.750000
0.500000
3.580000
179.250000
41.000000
117.999992
1.600000
91.000000
181.000000
78.250000
2.340000
178.250000
59.249996
116.000000
0.260000
206.750015
5.000000
185.250000
2.440000
27.750000
244.500000
114.250008
3.340000
29.000000
0.500000
71.500000
1.540000
174.000000
228.250000
143.250000
0.370000
144.000000
214.250000
247.000000
3.620000
246.750000
11.500000
61.750000
0.440000
165.750000
223.499985
21.500000
3.490000
159.000000
200.750000
104.999992
3.320000
145.250000
241.000015
205.000000
3.340000
46.250000
231.000000
109.750000
1.200000
12.750000
191.500000
58.749996
0.880000
6.250000
164.000000
56.000000
1.450000
33.000000
230.500000
29.249998
3.630000
187.250000
9.000000
104.999992
0.250000
189.250000
249.250000
209.250000
3.870000
73.500000
14.749999
155.750000
3.080000
38.250000
138.000000
32.250000
0.580000
2.500000
220.000000
143.500000
2.990000
90.250000
72.250000
101.250008
3.330000
129.250000
173.250000
126.750008
0.920000
207.250000
189.750000
191.000000
1.810000
171.250000
16.250000
13.750000
4.780000
213.250000
201.250000
240.000015
1.410000
38.250000
197.750000
211.250000
3.440000
105.250000
33.750000
201.500015
3.720000
189.250000
48.750000
233.750015
0.520000
61.250000
237.250000
95.000000
0.700000
5.250000
31.250000
9.250000
0.240000
93.500000
120.500008
154.750000
4.990000
128.000000
42.000000
124.500000
0.930000
36.250000
8.000000
242.000000
2.780000
178.500000
103.250000
70.000000
4.510000
231.500000
67.250000
90.750000
4.920000
105.750000
147.250000
33.500000
4.890000
209.250000
15.250000
149.500000
4.520000
172.250000
223.000000
228.749985
2.190000
36.000000
22.750000
188.750000
2.770000
245.000000
121.250000
209.750015
0.860000
43.250000
32.500000
188.000000
2.420000
142.250000
230.250000
49.500000
3.620000
219.000000
113.500000
173.750000
4.190000
76.250000
206.750015
52.999996
4.290000
100.750008
170.500000
34.750000
1.070000
190.750000
9.000000
62.250000
3.670000
178.000000
28.500000
89.500000
0.490000
48.750000
49.250000
162.500000
1.940000
182.500000
56.750000
13.249999
0.420000
20.500000
153.500000
204.250000
3.330000
169.250000
47.000000
136.750000
1.170000
65.750000
10.000000
3.000000
0.250000
50.750000
201.500015
233.750015
0.290000
129.750000
162.250000
224.750000
0.840000
12.000000
189.250000
248.750000
4.180000
193.000000
148.500000
181.250000
3.770000
2.500000
112.500000
182.000000
2.630000
229.000000
40.750000
209.500000
4.370000
232.000000
228.500015
128.000000
1.300000
114.250008
234.500000
83.000000
0.470000
92.000000
159.250000
191.750000
1.920000
67.000000
113.000000
168.750000
3.100000
213.500000
108.000008
204.250000
2.570000
37.500000
83.000000
32.250000
4.160000
152.750000
85.250000
135.500000
3.610000
205.250000
203.500015
60.500000
1.780000
158.000000
3.500000
89.750000
2.640000
151.750000
16.000000
245.250015
0.830000
188.750000
94.250000
81.000000
0.360000
37.500000
119.000008
49.000000
2.040000
174.250000
5.500000
221.499985
1.150000
83.500000
211.750000
103.750000
1.120000
29.249998
111.000000
78.750000
2.590000
14.500000
96.000000
240.500000
3.770000
180.750000
34.500000
162.000000
1.050000
117.999992
201.750000
246.000000
1.510000
221.250015
28.750000
37.000000
3.760000
216.750000
82.250000
191.500000
2.490000
34.500000
155.000000
28.000000
3.070000
24.000000
236.250000
153.750000
0.890000
247.499985
126.500000
194.750000
1.640000
61.000000
133.250000
50.750000
4.710000
82.000000
204.749985
94.000000
2.070000
92.250000
31.000000
161.500000
0.830000
170.500000
183.000000
91.250000
2.910000
222.250015
246.250015
109.750000
2.440000
219.000000
196.750000
248.499985
3.290000
142.250000
67.000000
127.000000
0.980000
36.250000
239.000015
194.500000
3.410000
191.250000
5.500000
165.000000
2.320000
60.750000
213.500000
149.250000
2.950000
112.000000
20.250000
122.500000
4.430000
199.250000
130.750000
2.250000
0.440000
195.500000
182.250000
70.000000
4.180000
16.750000
73.250000
49.500000
2.400000
30.250000
9.500000
156.000000
3.040000
108.750000
120.750000
185.500000
3.340000
208.000000
47.250000
60.000004
1.400000
181.000000
128.500000
201.250000
1.680000
156.250000
79.000000
195.500000
2.000000
69.750000
63.250000
241.500000
4.640000
35.750000
237.500000
25.000000
0.190000
185.750000
212.250000
246.000000
1.770000
120.500008
11.750000
58.749996
2.990000
94.000000
232.750015
3.000000
1.580000
107.500008
52.249996
32.500000
1.070000
158.500000
53.750004
4.000000
2.990000
95.000000
10.250000
135.000000
1.650000
27.750000
40.500000
58.749996
4.500000
33.750000
86.250000
232.750015
1.170000
112.750008
159.250000
180.000000
2.430000
169.500000
114.000000
25.000000
2.950000
37.500000
100.750008
128.250000
1.020000
92.750000
208.500000
249.499985
0.610000
88.750000
227.000000
239.000015
1.260000
5.750000
143.750000
131.750000
3.540000
117.750000
41.000000
233.000000
1.710000
238.750000
245.500000
203.250000
3.970000
21.250000
144.500000
223.250000
1.180000
126.500000
118.250000
114.750000
0.200000
232.750015
237.250000
203.500015
0.230000
6.750000
162.500000
182.500000
2.560000
35.500000
237.500000
166.250000
3.670000
224.250000
201.500015
114.500000
1.160000
168.500000
110.000000
203.749985
4.800000
222.000000
59.249996
1.500000
0.790000
131.750000
66.750000
91.750000
1.530000
214.000015
234.500000
140.750000
0.420000
58.000000
72.750000
17.250000
0.510000
18.750000
88.000000
55.750000
1.640000
111.749992
110.000000
141.500000
2.070000
226.500015
182.750000
214.250000
2.180000
72.250000
79.500000
57.250000
2.880000
249.000000
81.750000
12.000000
3.950000
198.750000
193.000000
97.000000
3.680000
162.000000
183.750000
220.250015
2.290000
206.750015
172.250000
19.750000
4.930000
121.000000
236.250000
31.000000
2.830000
162.500000
170.500000
233.500000
0.020000
248.000000
229.500000
233.500000
1.480000
123.000000
98.250000
158.500000
1.810000
40.250000
208.999985
173.000000
2.010000
158.500000
158.250000
196.250000
3.590000
26.499998
213.500000
40.000000
2.830000
155.250000
69.750000
123.000000
1.160000
131.250000
133.250000
206.500000
2.270000
133.500000
230.000000
104.499992
1.860000
46.500000
128.000000
44.000000
2.140000
230.500000
50.250000
33.500000
2.270000
76.750000
98.000000
43.500000
1.780000
165.000000
82.750000
192.000000
4.900000
136.250000
30.500000
91.000000
2.270000
179.000000
183.000000
18.250000
2.700000
8.250000
15.500000
234.250000
2.400000
34.250000
34.250000
79.250000
4.550000
6.750000
190.000000
6.000000
1.520000
36.250000
239.250000
170.750000
0.510000
229.000000
182.750000
68.500000
3.240000
186.000000
21.000000
231.750015
1.980000
11.750000
236.250000
51.000000
1.050000
36.750000
32.250000
123.749992
4.730000
35.500000
197.750000
20.250000
1.810000
144.250000
197.000000
62.000000
4.880000
102.750000
121.250000
181.750000
0.160000
165.750000
100.750008
87.250000
3.620000
8.250000
39.250000
48.250000
0.620000
24.750000
197.000000
241.500000
2.950000
249.499985
206.250000
218.750000
2.800000
153.750000
72.000000
121.750000
1.150000
202.749985
151.500000
90.750000
4.340000
122.000000
117.999992
117.999992
3.240000
0.000000
87.000000
238.000015
4.800000
160.250000
42.000000
145.500000
0.310000
1.750000
21.000000
234.999985
4.360000
49.000000
18.000000
43.250000
0.600000
151.250000
78.750000
145.000000
3.390000
69.750000
242.500000
105.750000
0.560000
8.750000
44.000000
158.750000
1.030000
94.000000
80.500000
25.500000
3.880000
72.000000
212.500000
161.750000
0.450000
43.750000
36.250000
170.000000
3.090000
186.500000
124.500000
52.000000
2.110000
159.750000
194.250000
187.750000
1.460000
161.250000
216.500000
2.500000
3.940000
43.500000
167.500000
13.750000
2.320000
211.250000
135.500000
57.750000
4.150000
52.749996
103.000000
39.500000
2.630000
134.250000
82.250000
60.500000
4.290000
206.250000
108.750000
146.250000
3.170000
232.000000
122.250000
59.500004
3.800000
57.250000
236.500000
186.250000
0.790000
98.500000
176.750000
150.000000
0.730000
80.500000
141.000000
247.499985
2.470000
90.250000
78.500000
124.749992
2.210000
156.750000
123.249992
113.250008
3.100000
25.000000
175.250000
44.500000
2.720000
70.250000
19.250000
140.500000
4.430000
146.750000
47.500000
55.000000
3.460000
174.500000
207.750015
80.000000
2.590000
189.000000
175.000000
66.750000
3.320000
36.750000
206.250000
51.500000
0.810000
185.000000
52.249996
66.500000
2.890000
47.000000
79.250000
125.500000
4.670000
91.750000
245.750000
29.000000
4.450000
175.500000
14.500000
12.250000
3.510000
66.500000
93.000000
23.000000
1.450000
45.250000
38.750000
122.750000
0.510000
217.750000
122.500000
103.250000
3.430000
185.500000
76.500000
201.250000
4.800000
241.249985
129.500000
145.250000
0.150000
98.250000
211.250000
219.250015
4.350000
6.000000
125.500000
181.500000
2.250000
160.750000
156.500000
16.750000
1.760000
149.750000
211.500000
17.250000
1.310000
134.000000
28.500000
111.000000
4.950000
58.749996
88.250000
178.500000
1.010000
230.250000
148.750000
116.999992
1.660000
131.000000
26.249998
7.750000
0.100000
100.750008
177.500000
131.750000
2.910000
213.500000
172.750000
224.250000
3.250000
29.750002
177.250000
123.000000
1.270000
62.500000
198.750000
79.750000
2.760000
190.000000
79.000000
40.000000
4.070000
29.750002
34.750000
200.500015
3.280000
159.250000
239.750000
13.000000
1.320000
132.500000
235.500000
223.750000
0.120000
26.750002
137.750000
12.500000
4.840000
100.750008
138.750000
132.500000
4.720000
138.000000
109.750000
92.250000
3.830000
113.250008
243.750000
5.000000
3.830000
143.250000
158.000000
197.750000
3.670000
88.250000
2.750000
145.500000
2.640000
194.000000
99.250000
0.500000
4.460000
83.000000
142.000000
247.250015
0.780000
250.000000
171.000000
156.500000
1.330000
64.000000
117.250000
2.250000
2.180000
205.000000
105.999992
134.000000
4.930000
0.000000
179.000000
209.250000
2.630000
142.250000
219.750000
84.750000
0.350000
149.250000
190.750000
45.000000
4.700000
170.250000
96.500000
152.250000
1.410000
160.000000
25.750000
21.000000
1.940000
208.000000
105.499992
19.750000
4.360000
155.000000
147.250000
116.250000
1.340000
234.250000
118.750000
67.500000
3.820000
114.250008
113.250008
110.500000
2.650000
83.000000
203.000000
231.000000
4.420000
69.500000
58.000000
183.500000
2.310000
24.500000
85.000000
202.500015
1.260000
232.250000
75.000000
57.250000
3.540000
56.500000
190.250000
139.250000
1.480000
50.750000
241.500000
194.250000
2.190000
227.749985
152.750000
226.250000
2.400000
119.500008
48.500000
49.750000
4.470000
145.500000
231.750015
10.250000
1.790000
97.250000
90.750000
149.250000
4.500000
243.000000
220.500000
164.250000
1.830000
60.250004
172.000000
106.250000
0.850000
66.000000
224.750000
160.500000
0.110000
4.000000
174.500000
75.750000
3.870000
88.500000
146.750000
52.499996
4.400000
122.250000
197.500000
135.250000
4.970000
58.499996
164.250000
127.500000
3.240000
187.750000
168.250000
34.000000
1.580000
227.000000
209.999985
79.250000
2.640000
45.500000
42.000000
237.500000
0.340000
174.250000
8.750000
178.000000
2.320000
39.750000
114.750000
38.250000
1.800000
218.000000
208.999985
187.500000
2.150000
68.250000
165.250000
147.750000
0.190000
34.250000
44.000000
146.750000
1.210000
120.000008
11.750000
50.000000
0.050000
177.750000
11.000000
17.750000
1.920000
163.250000
53.500004
140.750000
1.670000
116.999992
196.750000
78.500000
3.920000
126.250008
138.500000
163.000000
3.530000
116.750000
65.250000
64.500000
0.770000
29.750002
150.000000
54.000004
0.430000
16.750000
149.500000
146.500000
4.870000
116.999992
38.250000
96.500000
4.590000
146.750000
0.750000
13.000000
4.670000
214.250000
35.250000
127.000000
3.760000
231.500000
191.500000
212.500000
0.380000
4.000000
83.000000
233.250000
1.950000
19.000000
59.750004
198.500000
2.100000
35.500000
110.250000
74.750000
4.180000
51.750000
244.500000
181.500000
3.040000
107.000008
138.750000
9.250000
3.180000
116.999992
41.500000
9.250000
2.520000
139.750000
208.999985
127.250000
3.710000
219.000000
132.250000
142.000000
2.980000
40.750000
128.750000
137.250000
0.050000
141.750000
88.000000
146.750000
4.660000
189.500000
97.500000
234.750015
4.200000
181.000000
93.000000
204.250000
0.350000
226.750000
149.250000
179.000000
1.910000
105.250000
62.000000
229.000000
2.920000
21.500000
139.000000
208.500000
4.820000
131.750000
143.750000
90.750000
4.660000
126.500000
216.500000
83.750000
2.100000
0.500000
97.250000
47.250000
0.710000
235.750000
56.500000
127.500000
2.400000
99.000000
195.250000
77.250000
0.110000
54.000004
248.250000
64.500000
4.230000
177.750000
94.250000
40.750000
0.930000
201.000000
150.750000
109.250000
0.700000
137.250000
167.000000
178.500000
2.090000
160.000000
129.000000
84.750000
2.620000
211.750000
86.500000
66.750000
2.210000
111.000000
9.750000
19.000000
2.930000
247.750000
102.250000
192.250000
0.360000
124.749992
73.750000
180.750000
0.670000
198.750000
104.499992
42.000000
4.440000
159.000000
161.750000
5.250000
3.080000
69.500000
113.750008
186.250000
1.660000
247.499985
110.000000
38.000000
4.290000
190.000000
173.000000
98.750000
0.920000
91.750000
203.749985
127.250000
4.210000
103.000000
233.750015
20.750000
4.860000
233.000000
91.250000
227.749985
1.090000
67.750000
110.000000
41.000000
0.960000
18.250000
233.250000
207.750015
1.960000
112.750008
94.750000
173.750000
0.480000
2.750000
229.749985
14.000000
3.000000
83.500000
208.500000
184.000000
2.180000
146.750000
80.000000
157.750000
3.820000
5.750000
60.250004
144.750000
2.040000
63.000000
42.500000
27.000002
1.470000
115.500000
114.250008
59.500004
1.800000
159.750000
3.500000
199.000000
0.550000
66.500000
7.500000
163.250000
0.370000
181.750000
18.000000
151.500000
3.910000
22.750000
45.750000
140.750000
4.150000
135.000000
107.000008
3.000000
1.540000
214.750000
38.750000
225.500015
4.120000
191.000000
128.500000
35.750000
0.060000
22.000000
54.750000
96.250000
4.930000
171.000000
20.000000
215.750000
0.260000
29.000000
0.000000
88.000000
0.910000
180.000000
164.000000
78.000000
2.390000
55.000000
141.250000
199.500000
3.700000
56.750000
145.750000
176.750000
1.490000
153.000000
60.000004
203.250000
4.980000
83.250000
194.500000
0.250000
4.390000
84.000000
170.500000
164.000000
4.090000
214.750000
90.750000
180.250000
4.760000
133.000000
73.500000
27.750000
4.360000
86.250000
168.750000
122.250000
0.010000
210.500000
134.250000
170.000000
2.380000
171.250000
149.500000
194.500000
4.850000
110.749992
132.000000
179.250000
1.280000
82.500000
44.750000
0.750000
4.060000
65.250000
1.500000
68.750000
0.680000
212.250000
182.250000
136.250000
4.930000
59.750004
111.000000
157.000000
4.650000
12.000000
140.000000
219.250015
3.530000
133.750000
32.250000
156.500000
3.470000
9.500000
149.750000
9.750000
4.100000
227.749985
116.500000
33.750000
3.330000
187.000000
10.000000
91.500000
0.010000
227.000000
75.000000
13.000000
1.860000
41.250000
139.750000
64.000000
3.780000
106.500008
217.500000
245.250015
0.550000
77.750000
65.000000
188.750000
0.990000
4.250000
13.000000
92.250000
0.030000
231.000000
137.000000
63.750000
1.970000
192.500000
125.750008
43.750000
0.240000
21.000000
249.000000
160.250000
1.370000
181.250000
167.000000
111.000000
3.520000
155.000000
99.750000
130.500000
4.690000
37.500000
129.250000
24.250000
4.450000
110.000000
23.000000
89.750000
1.650000
116.999992
187.500000
72.500000
1.720000
199.500000
61.750000
249.499985
2.350000
177.000000
72.750000
212.250000
0.730000
99.750000
128.750000
200.750000
2.480000
22.500000
156.750000
122.000000
1.210000
80.750000
143.000000
123.500000
0.150000
49.000000
187.250000
137.750000
3.490000
128.750000
53.250004
115.750000
0.890000
182.500000
218.249985
221.000000
2.040000
238.000015
18.000000
65.250000
3.380000
203.000000
173.500000
123.500000
4.370000
212.250000
43.500000
25.750000
0.860000
145.000000
241.000015
85.000000
4.260000
236.999985
127.000000
17.750000
2.890000
70.000000
165.000000
242.249985
1.570000
110.500000
21.500000
199.000000
2.460000
78.250000
135.750000
123.500000
3.120000
110.500000
192.750000
79.250000
4.390000
223.750000
128.250000
88.750000
2.310000
22.000000
30.750000
69.250000
3.340000
226.000000
218.500000
82.000000
3.650000
182.500000
118.250000
158.250000
0.860000
63.250000
72.750000
171.000000
3.200000
105.999992
203.250000
142.000000
2.160000
47.250000
207.000000
211.500000
1.880000
223.000000
32.750000
46.500000
3.960000
42.750000
138.000000
131.500000
0.530000
85.500000
21.500000
201.250000
4.900000
190.750000
72.500000
143.500000
3.190000
103.000000
210.250000
142.750000
1.270000
107.000008
104.250000
204.500000
1.750000
124.000000
1.000000
133.000000
4.180000
249.250000
249.499985
128.000000
0.870000
187.250000
12.250000
92.000000
1.860000
131.000000
7.250000
54.250000
1.700000
231.000000
39.000000
162.750000
3.740000
182.750000
88.250000
158.500000
2.300000
155.500000
6.250000
190.750000
2.510000
12.000000
4.750000
100.750008
2.170000
48.750000
110.250000
98.250000
4.790000
9.250000
199.250000
60.750000
0.440000
242.000000
130.250000
28.000000
0.090000
73.500000
106.750000
188.500000
1.150000
229.500000
184.000000
131.750000
2.330000
210.750000
102.250000
214.750000
3.180000
240.750000
137.500000
141.000000
1.140000
138.750000
123.000000
146.750000
1.250000
37.500000
103.500000
150.750000
1.560000
203.250000
175.750000
78.000000
4.660000
31.000000
147.500000
37.500000
4.950000
122.000000
93.750000
209.999985
4.020000
176.250000
200.500015
156.750000
2.270000
81.750000
69.250000
9.000000
2.710000
99.000000
9.250000
86.500000
2.080000
64.500000
6.500000
25.250000
1.410000
73.000000
94.500000
90.500000
3.240000
121.750000
152.250000
174.250000
0.240000
9.000000
233.250000
240.000015
2.780000
11.500000
126.250008
7.000000
1.070000
190.750000
241.500000
105.250000
1.470000
204.250000
179.000000
69.000000
1.530000
229.250000
171.750000
173.750000
0.300000
115.250000
173.750000
213.000015
2.840000
211.999985
10.250000
154.500000
0.800000
105.499992
35.750000
108.250000
2.670000
219.250015
67.750000
192.000000
3.280000
143.500000
46.000000
130.250000
2.890000
84.000000
154.000000
83.000000
1.020000
151.750000
173.250000
82.750000
1.940000
204.500000
1.250000
52.499996
2.110000
150.250000
142.750000
200.250000
3.400000
86.000000
1.750000
16.000000
3.450000
227.749985
35.500000
115.750000
0.160000
80.750000
173.500000
4.000000
1.360000
34.250000
166.000000
24.750000
2.710000
124.000000
128.250000
199.250000
0.220000
180.750000
110.250000
201.000000
2.050000
55.500000
34.250000
243.500000
1.020000
210.500000
234.250000
205.000000
0.740000
217.750000
47.500000
87.250000
4.630000
162.000000
43.750000
144.750000
3.630000
103.250000
150.250000
173.000000
1.070000
50.500000
247.499985
232.250000
0.470000
21.500000
64.000000
116.999992
3.580000
81.000000
19.250000
103.250000
4.610000
4.750000
133.250000
204.000000
2.700000
54.750000
69.250000
91.250000
3.180000
86.250000
152.000000
165.000000
3.950000
197.000000
56.750000
106.250000
0.680000
171.500000
124.249992
183.000000
0.740000
42.250000
22.500000
204.250000
3.900000
10.500000
4.250000
135.250000
4.880000
7.500000
61.500000
130.500000
4.080000
233.000000
238.500000
11.500000
4.090000
124.000000
72.000000
200.750000
1.770000
231.500000
147.000000
167.250000
3.290000
37.750000
71.000000
72.250000
1.690000
193.750000
114.750000
205.500000
0.930000
158.250000
173.000000
156.750000
0.380000
149.000000
135.750000
224.750000
1.080000
31.750000
186.000000
203.500015
0.700000
59.500004
14.749999
247.750000
0.310000
90.750000
33.750000
20.750000
3.240000
164.500000
206.750015
0.000000
2.700000
56.750000
1.750000
77.250000
4.730000
20.750000
34.500000
98.250000
3.390000
29.249998
99.750000
99.750000
4.070000
4.000000
171.500000
241.249985
3.340000
142.750000
157.250000
36.250000
4.400000
130.750000
138.250000
47.250000
3.780000
96.250000
232.000000
68.000000
1.110000
140.250000
16.500000
21.250000
2.470000
56.750000
14.749999
0.250000
0.580000
92.750000
205.749985
157.000000
0.060000
137.500000
205.500000
188.750000
2.760000
100.000000
217.750000
213.500000
3.080000
193.000000
159.500000
173.500000
2.840000
100.000000
178.500000
49.000000
0.040000
161.750000
126.750008
20.000000
1.600000
69.500000
103.750000
194.500000
2.140000
58.999996
195.750000
0.000000
0.750000
159.500000
210.500000
46.500000
0.150000
13.249999
194.000000
240.750000
1.040000
34.750000
222.750000
238.500000
0.930000
203.000000
245.500000
4.250000
4.370000
12.000000
47.250000
11.500000
2.900000
143.500000
231.750015
134.750000
0.580000
238.750000
205.749985
51.750000
2.440000
200.250000
63.250000
196.750000
4.460000
126.750008
25.000000
119.750000
0.100000
52.999996
70.250000
219.000000
4.210000
100.000000
80.500000
100.500000
0.700000
43.000000
84.750000
79.750000
0.070000
119.000008
50.500000
131.250000
0.370000
79.500000
228.250000
213.250000
3.740000
208.000000
71.000000
196.000000
4.310000
98.750000
56.000000
122.000000
4.670000
209.750015
34.000000
165.750000
3.490000
120.250000
142.250000
248.000000
2.240000
175.750000
93.000000
204.500000
4.510000
14.500000
17.000000
29.499998
0.760000
114.500000
136.750000
224.000000
3.720000
57.000000
49.000000
202.749985
4.420000
229.749985
172.500000
17.750000
3.890000
41.250000
47.000000
20.250000
4.050000
81.500000
133.750000
27.750000
4.220000
194.000000
150.750000
164.250000
3.880000
217.249985
139.500000
76.000000
4.570000
204.000000
132.000000
212.500000
2.970000
216.000015
31.250000
43.000000
4.390000
197.000000
112.000000
80.000000
4.690000
12.500000
112.249992
243.500000
1.610000
178.000000
26.499998
98.250000
1.960000
187.500000
245.750000
119.500008
3.310000
52.000000
190.000000
150.000000
1.570000
55.250000
58.999996
177.250000
1.420000
128.000000
4.500000
132.250000
2.930000
83.000000
102.500000
28.750000
4.050000
169.250000
202.500015
166.000000
0.360000
157.500000
32.500000
137.750000
2.070000
128.000000
220.750000
106.500008
0.540000
99.750000
1.500000
223.750000
1.070000
73.250000
104.999992
99.750000
0.420000
110.749992
33.000000
157.250000
4.750000
154.750000
78.000000
204.250000
2.620000
82.250000
179.250000
57.750000
4.610000
193.250000
92.000000
244.500000
1.930000
206.750015
139.250000
167.500000
2.050000
7.500000
157.000000
58.749996
2.580000
97.250000
176.500000
244.750000
3.030000
185.000000
42.000000
2.000000
3.330000
62.500000
121.750000
102.000000
3.490000
134.000000
214.750000
240.249985
1.700000
88.750000
233.000000
61.750000
3.170000
154.250000
235.999985
10.000000
2.670000
159.250000
177.750000
222.000000
2.670000
33.750000
231.500000
130.750000
1.600000
217.500000
5.250000
141.000000
0.850000
230.500000
133.000000
125.750008
1.930000
164.750000
176.250000
152.000000
1.830000
149.500000
27.000002
29.000000
2.570000
185.000000
12.000000
224.750000
2.080000
104.499992
74.750000
120.500008
3.510000
156.000000
155.750000
141.000000
4.140000
89.500000
140.750000
92.500000
3.910000
205.000000
183.250000
72.500000
0.500000
36.750000
127.500000
17.000000
0.480000
127.750000
58.000000
82.750000
0.110000
201.000000
113.500000
190.250000
2.350000
27.250000
224.499985
167.750000
1.860000
145.250000
167.500000
195.250000
4.100000
95.500000
40.000000
121.250000
0.950000
107.500008
134.250000
110.500000
1.470000
195.000000
48.500000
122.000000
3.170000
229.749985
143.250000
67.500000
4.060000
171.000000
23.250000
25.750000
2.940000
219.250015
190.250000
69.500000
3.910000
31.250000
155.000000
132.750000
0.290000
176.750000
58.000000
15.250000
1.890000
17.750000
7.500000
178.250000
3.800000
69.000000
78.750000
196.750000
4.960000
15.250000
31.500000
190.250000
3.220000
167.500000
33.250000
131.500000
4.380000
22.250000
236.500000
64.500000
3.120000
103.250000
208.250000
160.500000
2.750000
69.250000
115.000000
232.250000
2.390000
199.250000
225.000000
140.750000
2.930000
103.250000
11.000000
80.000000
4.640000
121.500000
143.250000
23.000000
3.780000
200.500015
74.250000
167.000000
0.230000
242.500000
18.750000
158.000000
1.920000
65.000000
55.750000
20.250000
3.680000
183.750000
237.250000
116.250000
0.160000
88.500000
125.500000
14.749999
4.350000
196.250000
198.000000
159.750000
3.080000
107.000008
14.500000
17.750000
2.540000
13.500001
113.500000
92.750000
0.120000
110.000000
144.750000
195.000000
4.040000
95.000000
122.750000
58.499996
3.890000
176.250000
249.750000
217.750000
2.850000
141.500000
30.750000
53.500004
3.190000
110.500000
167.250000
33.500000
4.600000
199.500000
176.750000
123.249992
4.900000
42.750000
206.750015
133.250000
2.900000
175.000000
196.000000
135.750000
2.770000
244.500000
236.500000
235.999985
1.680000
149.750000
235.250000
156.000000
4.170000
138.750000
162.250000
101.500000
1.120000
140.000000
129.250000
51.250000
4.480000
48.000000
48.250000
210.750000
4.760000
224.750000
176.500000
177.250000
3.610000
198.000000
154.750000
240.750000
1.300000
68.750000
29.750002
28.250000
4.370000
111.749992
104.000000
107.250000
3.400000
129.500000
48.500000
169.000000
2.400000
111.249992
32.500000
237.500000
0.160000
141.750000
206.000000
165.500000
2.450000
138.250000
103.000000
23.500000
3.710000
136.500000
66.250000
246.000000
4.240000
51.250000
18.250000
223.499985
4.530000
90.750000
189.750000
57.750000
1.130000
178.500000
161.500000
78.750000
2.660000
240.500000
241.249985
228.000000
0.900000
209.750015
191.250000
128.250000
3.880000
92.250000
103.000000
99.000000
3.340000
9.000000
191.500000
202.500015
0.530000
166.000000
215.750000
165.250000
4.480000
105.750000
49.500000
203.250000
3.600000
236.500000
220.000000
224.750000
4.120000
168.500000
83.000000
157.500000
4.190000
104.999992
108.000008
175.750000
1.780000
124.749992
112.249992
95.250000
3.400000
103.250000
148.250000
149.000000
1.920000
47.250000
1.250000
231.000000
4.560000
209.999985
162.500000
34.750000
0.740000
239.500000
128.500000
2.750000
3.710000
233.500000
180.250000
57.000000
2.030000
13.249999
69.250000
37.750000
3.900000
145.250000
129.500000
199.250000
2.790000
3.750000
229.749985
198.750000
1.050000
203.250000
170.250000
141.750000
2.840000
30.500000
113.500000
80.000000
1.240000
148.250000
63.500000
64.000000
0.200000
104.499992
176.750000
51.750000
3.360000
227.250000
100.750008
179.000000
4.340000
152.750000
30.500000
167.000000
3.860000
15.000001
204.250000
199.250000
4.450000
120.750000
239.250000
185.000000
3.420000
101.750008
232.500000
182.250000
0.390000
193.250000
17.750000
40.750000
4.410000
93.500000
193.000000
42.000000
0.670000
177.750000
244.750000
164.750000
0.180000
43.500000
196.750000
176.500000
2.190000
167.250000
86.750000
47.000000
4.480000
219.500000
99.500000
236.750000
4.950000
88.500000
60.250004
172.000000
3.260000
227.250000
16.250000
220.250015
0.590000
211.999985
30.750000
142.250000
2.940000
141.500000
126.250008
37.500000
4.760000
9.500000
40.250000
143.750000
1.100000
227.250000
50.000000
46.500000
3.470000
212.250000
186.250000
182.500000
0.280000
194.250000
134.000000
18.750000
0.250000
213.000015
124.249992
162.000000
0.560000
188.250000
56.750000
101.500000
3.170000
221.000000
47.250000
48.500000
4.050000
54.000004
175.500000
29.249998
4.760000
42.750000
100.250008
177.000000
2.190000
69.250000
45.000000
183.500000
4.800000
150.250000
117.750000
199.000000
0.100000
93.750000
60.000004
98.500000
1.010000
190.000000
138.250000
80.000000
0.560000
194.750000
87.250000
150.250000
1.590000
178.500000
53.250004
162.500000
1.110000
141.750000
152.000000
209.500000
4.670000
228.000000
52.249996
125.000000
0.770000
79.750000
117.499992
75.000000
4.460000
219.750000
65.000000
92.000000
1.880000
136.000000
50.250000
123.000000
4.590000
173.250000
18.500000
170.250000
3.700000
71.000000
62.000000
85.500000
3.080000
184.000000
179.500000
139.250000
2.760000
198.750000
154.500000
48.250000
2.230000
155.750000
219.500000
166.750000
0.400000
133.500000
5.000000
55.000000
4.530000
248.750000
104.999992
111.000000
1.900000
123.749992
210.750000
18.250000
4.080000
191.750000
9.750000
164.750000
3.590000
176.250000
1.750000
222.499985
2.490000
29.249998
81.500000
189.250000
1.830000
1.000000
230.500000
177.750000
0.940000
125.250008
216.000015
36.000000
3.860000
88.250000
62.750000
235.750000
3.740000
73.000000
90.500000
191.500000
2.610000
174.750000
66.500000
173.000000
4.320000
48.750000
198.500000
181.250000
3.150000
50.250000
30.750000
154.250000
0.430000
95.250000
59.249996
158.000000
3.350000
110.000000
148.000000
58.999996
4.920000
193.250000
218.249985
102.250000
0.090000
218.249985
131.750000
191.500000
4.580000
104.750000
202.250000
7.750000
2.610000
6.000000
209.999985
70.750000
1.820000
187.500000
182.250000
75.250000
1.440000
84.250000
22.500000
69.000000
1.270000
139.750000
239.750000
62.250000
2.630000
83.250000
175.750000
198.000000
1.060000
175.250000
193.500000
90.250000
0.330000
30.000002
170.750000
91.750000
1.240000
145.000000
211.999985
52.999996
1.810000
119.750000
19.500000
157.500000
1.860000
60.000004
32.750000
140.000000
4.800000
151.250000
153.250000
52.000000
1.050000
192.500000
158.500000
173.500000
0.100000
79.500000
133.750000
113.500000
0.010000
226.000000
238.000015
110.500000
3.980000
146.500000
72.750000
69.000000
4.640000
4.500000
36.250000
7.250000
1.310000
147.500000
191.250000
106.500008
4.380000
127.000000
18.000000
53.500004
2.710000
107.250000
18.000000
164.750000
2.550000
42.750000
46.000000
14.500000
2.510000
56.250000
144.000000
52.249996
0.070000
60.000004
238.500000
143.750000
4.690000
157.250000
149.750000
166.750000
3.430000
17.000000
234.750015
39.000000
1.430000
56.250000
22.500000
171.500000
0.050000
188.250000
180.750000
33.000000
1.950000
107.750000
212.250000
115.500000
4.290000
120.500008
173.750000
97.250000
1.790000
5.500000
130.000000
223.499985
2.310000
48.000000
210.750000
42.000000
0.280000
150.000000
15.750000
206.000000
1.940000
24.500000
76.750000
135.750000
3.720000
61.250000
129.000000
200.500015
1.300000
170.000000
24.000000
248.750000
4.500000
158.000000
66.750000
207.750015
0.400000
180.250000
125.500000
2.500000
1.050000
100.250008
67.250000
180.750000
0.460000
