1.100000
5.000000
10.900001
2.850000
98.800003
13.900000
62.299999
0.230000
77.600006
43.099998
88.599998
4.890000
90.900002
91.400002
81.400002
1.300000
8.400000
77.800003
69.500000
3.480000
24.900000
59.200001
82.700005
1.890000
20.200001
57.299999
99.399994
4.720000
45.500000
72.399994
2.600000
4.020000
98.199997
84.799995
30.000000
4.700000
47.399998
69.800003
84.599998
4.150000
6.700000
80.400002
83.599998
0.940000
14.500000
62.800003
34.299999
3.820000
53.600002
72.399994
87.500000
0.360000
69.800003
35.599998
42.399998
0.370000
33.800003
71.699997
9.700001
4.300000
0.400000
93.599998
98.699997
1.200000
48.099998
7.900000
65.300003
3.340000
40.900002
60.799999
59.400002
0.120000
76.799995
1.900000
32.099998
4.080000
60.500000
73.699997
39.400002
2.480000
69.099998
19.799999
92.500000
3.760000
79.199997
50.300003
91.400002
0.250000
77.800003
31.600000
88.699997
4.660000
47.500000
95.400002
16.299999
1.950000
92.000000
69.599998
50.599998
2.480000
60.400002
41.599998
88.100006
2.420000
96.800003
51.300003
75.000000
3.710000
7.700000
100.000000
8.400000
3.520000
24.400002
77.600006
71.699997
1.480000
54.200001
44.799999
23.299999
1.550000
52.700001
59.400002
14.600000
2.750000
1.800000
3.700000
49.699997
0.860000
27.500000
95.400002
26.500000
2.110000
26.900002
40.799999
56.799999
4.010000
79.599998
2.800000
1.300000
2.440000
54.899998
90.800003
64.699997
1.950000
92.299995
92.900002
60.599998
2.590000
62.600002
81.400002
43.500000
1.140000
62.700001
7.900000
61.100002
3.880000
71.900002
65.000000
51.199997
0.340000
81.899994
95.299995
2.700000
1.350000
81.300003
7.300000
89.799995
2.530000
20.599998
67.900002
28.299999
3.120000
20.000000
89.899994
69.299995
3.510000
81.199997
17.400000
22.200001
4.410000
65.300003
95.800003
42.099998
4.490000
68.200005
94.000000
8.800000
2.470000
58.899998
46.399998
64.500000
3.410000
38.900002
15.700001
90.100006
0.640000
30.799999
84.500000
43.200001
2.360000
45.400002
88.699997
41.399998
2.840000
34.700001
14.299999
42.099998
0.640000
23.500000
87.000000
15.100000
4.370000
69.099998
91.800003
47.199997
1.870000
33.099998
64.699997
81.000000
2.220000
4.400000
35.700001
91.400002
4.930000
85.600006
34.599998
74.000000
4.550000
2.600000
89.099998
17.100000
3.610000
9.000000
44.299999
80.699997
4.890000
3.400000
49.099998
20.400000
1.460000
14.000000
21.000000
25.500000
3.240000
94.700005
73.099998
98.599998
3.260000
30.500000
51.700001
28.099998
3.000000
96.300003
94.399994
45.400002
3.350000
18.500000
86.800003
88.199997
1.910000
63.800003
58.699997
43.800003
3.110000
96.699997
92.000000
81.099998
2.740000
70.599998
79.099998
46.700001
2.880000
71.400002
23.099998
34.599998
0.920000
8.500000
84.500000
73.900002
0.300000
84.000000
43.699997
23.000000
4.920000
62.000000
77.900002
4.500000
1.960000
10.800000
44.299999
41.300003
4.770000
27.500000
25.100000
66.900002
2.360000
76.199997
78.599998
79.000000
2.150000
73.800003
30.699999
54.899998
2.500000
50.100002
80.699997
78.000000
1.580000
44.000000
44.599998
35.599998
0.440000
52.800003
39.799999
92.200005
4.330000
75.500000
36.300003
31.700001
3.720000
92.399994
83.599998
90.000000
2.400000
47.099998
67.399994
68.000000
2.690000
19.000000
55.599998
12.100000
0.020000
96.599998
30.299999
63.600002
1.600000
7.900000
38.599998
60.200001
2.580000
0.900000
45.700001
84.399994
3.750000
46.900002
96.899994
4.600000
1.790000
77.199997
46.000000
74.800003
1.240000
49.099998
44.299999
65.700005
0.250000
48.400002
11.300000
93.199997
4.010000
52.800003
11.400000
13.300000
4.560000
36.199997
72.000000
2.800000
3.230000
6.100000
52.000000
39.599998
3.550000
25.400000
21.199999
5.900000
1.060000
11.700000
55.300003
10.100000
0.060000
74.299995
71.699997
72.699997
1.990000
96.800003
70.800003
1.100000
1.030000
44.500000
77.399994
94.000000
4.030000
61.500000
12.200001
16.500000
0.120000
9.599999
76.500000
40.900002
3.160000
15.299999
33.599998
70.300003
0.230000
3.400000
51.900002
23.699999
3.980000
43.400002
66.099998
27.000000
0.110000
66.900002
57.700001
96.400002
2.000000
81.300003
44.000000
24.300001
1.700000
21.099998
33.000000
39.599998
1.210000
6.100000
40.799999
4.100000
1.310000
79.899994
79.099998
30.900000
0.790000
9.300000
53.699997
33.500000
0.690000
67.199997
18.200001
73.000000
1.750000
20.599998
84.700005
1.600000
2.190000
27.799999
62.900002
7.600000
4.170000
4.600000
76.300003
17.200001
3.360000
3.900000
92.700005
57.500000
2.620000
56.900002
31.099998
59.699997
2.940000
97.000000
15.400000
64.000000
4.410000
92.000000
92.600006
6.100000
2.200000
89.099998
68.900002
26.500000
2.360000
78.599998
3.300000
54.699997
2.700000
90.400002
20.000000
26.900002
1.990000
25.400000
63.600002
4.400000
1.390000
11.799999
38.800003
86.800003
2.160000
13.800000
80.900002
14.800000
0.020000
83.699997
15.299999
42.700001
3.840000
23.400000
88.400002
19.299999
1.190000
7.900000
46.300003
42.399998
2.530000
29.300001
98.400002
2.400000
3.260000
60.700001
8.900000
39.000000
4.760000
5.200000
38.599998
17.500000
0.310000
9.800000
53.699997
57.299999
1.380000
80.600006
18.300001
49.799999
4.860000
2.600000
55.799999
81.099998
0.750000
20.100000
89.399994
72.800003
4.340000
61.799999
19.900000
90.400002
0.680000
47.299999
76.900002
88.800003
4.770000
37.900002
77.300003
87.200005
0.450000
36.000000
12.300000
83.400002
2.980000
2.900000
14.099999
4.800000
0.580000
43.299999
82.600006
19.100000
2.900000
36.500000
7.700000
31.199999
4.500000
1.900000
74.800003
93.900002
4.590000
75.900002
0.100000
77.699997
0.990000
4.200000
83.100006
5.700000
1.330000
87.600006
46.000000
79.299995
1.780000
45.200001
59.000000
50.599998
3.390000
62.900002
43.800003
82.200005
3.790000
91.800003
43.299999
52.399998
4.840000
87.299995
42.500000
3.800000
1.090000
45.200001
61.000000
58.400002
2.000000
94.899994
44.500000
23.500000
3.280000
81.400002
38.800003
20.200001
3.200000
68.699997
57.199997
34.599998
2.180000
84.199997
83.900002
95.500000
3.760000
34.000000
7.600000
74.500000
2.650000
72.099998
7.200000
27.299999
1.570000
70.400002
99.199997
73.699997
2.350000
8.800000
68.599998
16.799999
4.990000
83.100006
84.500000
31.700001
4.180000
42.399998
82.600006
47.199997
4.900000
33.200001
99.700005
31.000000
4.770000
13.600000
2.300000
69.199997
3.540000
74.099998
50.400002
31.000000
0.710000
12.900000
12.000000
22.799999
4.250000
47.800003
37.200001
54.000000
3.790000
2.300000
55.100002
94.399994
1.060000
71.599998
45.400002
97.299995
0.970000
28.400000
30.799999
76.599998
1.180000
26.000000
30.299999
63.600002
1.400000
97.799995
87.600006
44.400002
2.390000
60.900002
4.800000
12.700000
0.070000
94.000000
5.700000
39.599998
4.210000
47.900002
63.400002
89.799995
1.570000
71.000000
35.500000
37.799999
3.000000
57.900002
47.000000
47.000000
1.690000
10.100000
36.600002
46.399998
2.020000
85.500000
5.900000
33.299999
2.670000
83.599998
96.599998
95.299995
2.240000
64.800003
3.900000
65.800003
0.640000
3.400000
67.399994
79.500000
3.020000
18.400000
58.299999
16.799999
0.720000
63.500000
8.700000
95.600006
2.820000
59.200001
9.000000
46.100002
1.080000
67.399994
31.400002
69.500000
0.590000
16.299999
77.500000
31.700001
0.870000
21.300001
70.000000
17.500000
1.160000
76.199997
1.300000
26.800001
4.020000
86.599998
65.800003
92.700005
4.480000
74.199997
70.000000
82.799995
0.800000
31.800001
57.600002
90.299995
0.730000
38.699997
19.000000
23.699999
0.590000
57.299999
62.600002
86.300003
0.250000
69.299995
90.400002
35.599998
2.030000
17.700001
6.300000
8.100000
2.470000
98.900002
97.900002
38.500000
3.520000
38.599998
94.899994
77.600006
3.590000
22.700001
67.300003
93.599998
0.250000
10.900001
22.299999
66.699997
0.150000
20.500000
38.099998
41.399998
0.390000
93.199997
55.900002
79.500000
1.650000
9.000000
16.299999
59.699997
1.860000
9.300000
87.799995
38.900002
3.730000
9.300000
35.500000
34.000000
1.180000
90.800003
38.299999
60.300003
2.560000
38.500000
92.700005
19.600000
0.150000
65.500000
27.200001
70.599998
1.750000
1.000000
21.600000
78.000000
1.420000
70.900002
47.199997
12.600000
3.610000
46.100002
15.500000
77.199997
1.830000
89.199997
80.400002
29.900000
0.710000
97.600006
9.500000
58.200001
0.770000
77.699997
84.399994
35.700001
1.810000
41.799999
9.200000
16.299999
3.310000
90.100006
53.699997
22.700001
3.430000
96.400002
45.599998
17.799999
0.260000
90.200005
82.900002
44.500000
2.180000
57.800003
1.100000
78.599998
2.130000
6.400000
60.599998
49.200001
2.380000
26.300001
29.600000
41.100002
4.780000
37.200001
84.700005
52.800003
3.070000
19.600000
74.400002
3.700000
3.260000
62.099998
46.799999
65.400002
0.190000
36.300003
59.799999
62.800003
3.270000
80.299995
13.700000
35.000000
1.640000
40.700001
80.600006
86.699997
3.600000
87.200005
36.099998
39.799999
4.950000
98.500000
5.800000
77.000000
2.370000
43.200001
95.100006
82.600006
0.160000
52.099998
19.000000
60.100002
3.250000
62.500000
29.600000
42.000000
4.460000
96.699997
7.800000
73.099998
4.500000
27.000000
53.899998
92.399994
1.470000
85.100006
28.900002
35.599998
3.890000
40.500000
24.700001
72.300003
2.810000
9.700001
69.000000
18.500000
1.480000
93.199997
82.200005
70.400002
3.220000
59.599998
41.900002
28.299999
0.240000
1.800000
61.799999
71.000000
1.660000
46.399998
54.500000
94.199997
3.720000
45.900002
95.800003
72.900002
1.360000
94.199997
21.400002
50.500000
3.330000
58.200001
75.300003
59.799999
2.610000
75.700005
17.200001
56.700001
4.730000
94.300003
96.199997
36.600002
1.510000
34.799999
41.799999
36.300003
4.940000
47.199997
60.799999
92.399994
0.600000
68.000000
37.700001
88.800003
2.430000
8.800000
21.300001
60.900002
0.280000
44.299999
27.600000
62.000000
0.960000
9.000000
73.500000
95.800003
1.220000
25.400000
49.299999
93.800003
2.490000
9.800000
18.500000
49.699997
2.640000
10.800000
85.299995
23.299999
1.750000
22.000000
1.100000
47.299999
1.230000
43.200001
63.600002
25.200001
1.820000
44.099998
90.500000
35.599998
4.350000
78.200005
63.899998
44.599998
0.530000
91.500000
36.000000
69.199997
0.720000
13.700000
84.199997
70.000000
2.810000
80.000000
67.300003
26.600000
1.290000
13.500000
86.099998
66.900002
0.770000
53.000000
94.700005
52.000000
0.730000
67.399994
11.400000
62.800003
3.830000
83.500000
26.600000
4.200000
0.900000
31.600000
41.100002
4.800000
3.550000
13.500000
90.100006
70.199997
1.400000
29.300001
35.400002
37.000000
4.500000
80.900002
18.200001
38.099998
1.480000
62.299999
31.300001
55.599998
0.890000
76.199997
57.299999
17.500000
4.510000
55.200001
81.699997
45.599998
1.130000
14.800000
57.700001
69.099998
2.590000
7.200000
43.800003
34.400002
1.210000
60.100002
46.399998
63.600002
3.750000
60.400002
37.000000
58.299999
3.060000
12.400000
4.300000
97.600006
4.420000
95.900002
76.300003
63.400002
2.640000
78.099998
68.500000
35.899998
0.170000
88.400002
68.599998
29.500000
2.060000
82.700005
48.400002
86.899994
0.170000
27.000000
76.900002
68.800003
1.430000
98.699997
47.099998
35.899998
0.510000
61.199997
96.599998
55.400002
0.700000
84.099998
42.600002
98.900002
0.470000
19.400002
96.500000
2.000000
3.320000
54.599998
85.600006
41.399998
3.580000
94.399994
66.599998
81.899994
2.740000
8.000000
94.599998
56.300003
0.650000
6.100000
13.300000
96.099998
2.860000
26.700001
44.599998
48.600002
2.640000
79.599998
42.600002
67.600006
0.400000
61.300003
86.899994
4.700000
4.290000
31.700001
67.900002
47.800003
0.920000
78.500000
56.000000
48.899998
2.780000
67.500000
85.200005
34.000000
3.940000
48.200001
2.000000
83.599998
1.320000
0.000000
26.000000
74.599998
0.870000
45.200001
75.000000
90.699997
3.300000
29.700001
71.199997
66.099998
2.800000
86.699997
95.500000
79.199997
3.700000
24.300001
33.900002
82.399994
4.160000
58.000000
78.500000
42.000000
4.060000
42.000000
86.599998
2.900000
2.200000
37.099998
61.100002
43.299999
4.590000
36.500000
55.500000
68.599998
0.510000
64.400002
58.600002
19.900000
3.880000
92.700005
78.500000
86.500000
1.300000
12.000000
37.099998
13.600000
0.800000
28.800001
85.500000
31.500000
0.470000
52.299999
68.099998
5.800000
0.910000
71.900002
74.400002
63.800003
3.770000
64.899994
92.500000
11.500000
2.130000
57.099998
69.199997
6.300000
2.600000
71.300003
46.399998
48.400002
2.990000
48.200001
54.899998
49.599998
1.970000
92.799995
11.500000
42.199997
1.860000
76.199997
7.300000
0.100000
2.030000
29.500000
91.500000
52.800003
0.060000
57.099998
25.799999
82.600006
3.590000
78.400002
54.200001
39.200001
4.910000
49.500000
49.000000
1.400000
1.660000
35.799999
26.600000
9.800000
2.460000
37.000000
38.000000
13.900000
0.690000
40.300003
8.200000
79.500000
2.380000
84.300003
84.599998
36.600002
1.690000
8.300000
78.699997
37.900002
1.410000
11.400000
12.300000
37.000000
3.340000
27.500000
35.000000
72.199997
3.940000
67.800003
77.099998
58.299999
4.910000
57.900002
44.599998
86.199997
4.320000
98.800003
59.599998
49.699997
1.940000
69.800003
68.300003
61.799999
3.110000
43.699997
96.400002
48.400002
2.050000
43.299999
90.500000
70.300003
3.170000
94.599998
52.600002
89.799995
2.470000
18.799999
34.000000
37.299999
2.650000
33.099998
3.200000
60.400002
2.310000
40.500000
76.699997
60.700001
2.850000
86.899994
25.000000
38.500000
2.990000
78.800003
96.099998
47.299999
2.980000
58.600002
89.700005
1.100000
3.470000
92.200005
98.300003
33.599998
3.660000
6.400000
12.100000
14.900000
4.030000
41.399998
8.000000
29.900000
2.510000
85.699997
77.500000
61.500000
3.530000
96.500000
62.800003
64.899994
3.510000
47.700001
7.500000
73.400002
1.860000
95.200005
53.500000
48.200001
4.110000
79.199997
38.000000
4.300000
4.910000
42.700001
57.399998
7.200000
2.480000
92.900002
51.000000
24.500000
2.910000
61.399998
97.600006
73.300003
0.350000
85.699997
43.899998
21.099998
1.960000
41.300003
73.599998
4.900000
1.000000
0.300000
80.200005
85.600006
2.200000
76.500000
33.200001
72.300003
1.940000
22.299999
9.100000
46.799999
4.180000
12.300000
27.400000
97.799995
2.450000
40.100002
76.400002
42.299999
4.630000
27.799999
27.000000
12.200001
0.120000
33.200001
40.900002
63.200001
2.700000
94.599998
37.200001
35.299999
0.270000
50.799999
10.500000
64.500000
0.440000
36.500000
65.100006
1.600000
2.040000
24.600000
38.500000
61.100002
0.680000
1.600000
58.000000
33.800003
1.580000
53.899998
15.800000
29.600000
2.490000
92.900002
78.400002
93.199997
2.050000
48.099998
6.900000
23.000000
1.610000
84.700005
92.299995
11.500000
0.410000
78.000000
60.100002
64.299995
2.730000
92.600006
62.500000
19.900000
1.220000
36.099998
61.700001
85.400002
0.670000
40.900002
76.799995
71.699997
0.150000
6.300000
17.900000
80.200005
2.460000
18.400000
70.400002
83.800003
4.570000
90.400002
48.200001
21.000000
2.200000
43.699997
61.199997
11.100000
3.830000
0.700000
64.199997
77.000000
3.880000
71.199997
43.699997
32.299999
1.540000
6.000000
35.000000
48.699997
1.010000
37.099998
74.599998
36.300003
4.600000
16.000000
51.900002
31.400002
3.270000
16.299999
26.300001
53.299999
4.310000
92.399994
18.099998
15.500000
0.770000
59.799999
23.900002
39.299999
2.050000
30.900000
78.900002
53.099998
2.500000
2.300000
90.000000
72.000000
1.230000
97.099998
35.200001
38.599998
3.370000
59.899998
20.200001
33.599998
0.630000
15.000000
86.899994
100.000000
3.340000
81.699997
79.899994
19.100000
3.120000
0.300000
17.000000
2.700000
3.300000
51.399998
44.299999
69.699997
0.910000
26.700001
80.699997
81.199997
3.870000
93.100006
87.399994
40.500000
0.750000
91.800003
33.500000
7.200000
0.050000
2.500000
46.199997
11.400000
0.110000
81.300003
6.700000
19.600000
2.810000
92.099998
48.699997
99.899994
2.110000
6.300000
39.799999
64.099998
2.470000
66.300003
70.199997
4.100000
2.400000
33.299999
93.300003
61.100002
4.980000
12.400000
85.100006
20.400000
4.860000
39.200001
48.299999
18.200001
4.130000
67.900002
68.599998
25.000000
4.210000
59.699997
22.299999
9.500000
2.570000
2.100000
7.600000
62.199997
0.600000
69.400002
28.099998
18.799999
1.730000
9.000000
6.500000
45.400002
2.760000
95.100006
8.300000
57.399998
3.590000
6.300000
36.799999
63.000000
0.390000
7.800000
71.300003
93.400002
4.420000
61.900002
81.599998
45.400002
2.250000
14.600000
11.799999
73.699997
0.200000
49.500000
68.699997
68.500000
4.080000
67.900002
44.699997
71.300003
4.200000
40.300003
69.099998
91.500000
4.420000
69.800003
17.400000
66.599998
2.130000
24.400002
80.299995
20.599998
2.540000
33.099998
35.799999
45.900002
0.360000
47.000000
69.199997
24.200001
1.770000
50.400002
27.200001
6.900000
3.000000
48.400002
21.800001
61.300003
2.270000
93.800003
99.099998
37.099998
3.760000
24.200001
30.900000
15.200000
4.080000
61.500000
6.300000
23.099998
4.770000
25.299999
63.500000
20.500000
3.600000
96.400002
1.500000
47.299999
4.220000
15.599999
46.399998
8.300000
4.590000
91.300003
88.199997
9.800000
3.990000
49.000000
20.100000
78.800003
0.150000
11.799999
21.700001
96.800003
3.970000
54.899998
75.300003
17.200001
4.610000
40.900002
8.000000
52.299999
1.360000
44.799999
18.400000
91.000000
4.180000
65.900002
69.400002
33.399998
4.920000
42.700001
12.100000
72.600006
3.670000
80.800003
88.000000
73.699997
4.930000
52.000000
74.500000
7.200000
0.900000
26.800001
37.200001
41.700001
2.130000
62.000000
63.800003
19.700001
4.080000
18.600000
49.699997
11.700000
3.560000
54.099998
34.500000
29.200001
2.020000
9.400000
40.599998
25.299999
0.120000
7.000000
96.300003
86.699997
4.230000
2.800000
40.599998
28.000000
2.260000
67.199997
26.300001
87.099998
4.930000
89.700005
43.699997
95.900002
4.270000
99.300003
0.500000
66.699997
1.880000
4.700000
5.600000
96.699997
4.640000
75.400002
58.600002
60.200001
1.160000
8.100000
57.500000
29.000000
0.180000
16.699999
92.000000
48.299999
1.700000
34.200001
80.800003
60.599998
4.160000
34.299999
80.900002
54.200001
0.810000
64.800003
60.000000
0.300000
1.090000
29.799999
88.300003
30.000000
1.530000
22.400000
70.900002
40.500000
4.650000
86.599998
21.400002
9.900000
0.840000
89.399994
15.400000
67.900002
0.220000
36.700001
23.400000
76.900002
1.760000
98.100006
90.299995
70.900002
1.550000
70.199997
47.500000
92.500000
4.430000
62.800003
99.399994
81.400002
1.100000
46.399998
72.699997
56.000000
1.780000
62.000000
14.000000
35.200001
1.370000
48.899998
90.699997
73.400002
4.460000
20.400000
98.199997
44.299999
3.050000
88.000000
72.300003
92.900002
3.260000
57.500000
71.599998
22.700001
0.050000
0.600000
46.100002
13.600000
4.800000
87.500000
48.400002
23.500000
2.460000
72.099998
24.300001
12.900000
3.620000
12.400000
71.599998
63.600002
0.270000
0.200000
65.000000
99.500000
1.700000
88.400002
15.900001
4.800000
0.170000
21.400002
57.099998
65.300003
4.310000
68.699997
21.500000
64.899994
4.980000
55.100002
80.500000
51.199997
1.190000
8.900000
88.100006
2.500000
1.000000
59.200001
30.100000
43.800003
0.260000
23.599998
0.300000
93.400002
0.550000
87.900002
0.200000
59.099998
3.440000
73.300003
46.799999
1.200000
3.900000
91.599998
27.100000
11.000000
4.210000
7.400000
83.800003
84.399994
4.390000
45.700001
85.400002
39.799999
3.100000
64.400002
20.000000
79.099998
1.410000
16.900002
81.500000
66.199997
4.100000
44.500000
84.099998
77.500000
3.110000
62.500000
63.099998
98.000000
2.760000
48.500000
95.400002
2.900000
2.130000
35.400002
42.399998
48.500000
2.470000
16.200001
75.900002
52.800003
1.060000
88.199997
32.400002
35.799999
4.260000
63.299999
45.799999
51.700001
4.970000
10.500000
27.200001
72.699997
1.770000
64.000000
94.799995
33.299999
4.590000
4.500000
30.100000
9.500000
0.020000
27.299999
54.500000
84.899994
2.590000
46.500000
67.099998
17.700001
0.840000
4.200000
83.199997
53.600002
1.490000
27.799999
77.199997
70.500000
0.530000
2.200000
82.000000
51.100002
2.730000
8.800000
53.099998
30.200001
0.150000
37.700001
57.199997
62.900002
3.360000
50.900002
56.399998
15.599999
4.720000
95.800003
17.299999
65.700005
2.680000
21.800001
55.500000
60.000000
1.300000
53.000000
37.799999
34.500000
3.890000
93.100006
79.699997
2.700000
1.130000
50.500000
71.599998
51.799999
2.500000
36.799999
75.800003
1.300000
1.320000
41.000000
37.799999
80.299995
2.460000
94.899994
59.899998
32.900002
0.600000
79.699997
50.300003
70.000000
1.520000
14.500000
66.199997
91.199997
1.050000
31.300001
93.100006
1.700000
2.210000
41.900002
36.799999
60.000000
1.410000
70.400002
52.000000
33.800003
4.710000
2.300000
48.800003
2.600000
0.560000
68.599998
2.800000
10.599999
3.680000
32.900002
42.900002
52.800003
3.700000
98.500000
87.900002
12.799999
1.960000
81.300003
41.599998
75.599998
3.460000
80.699997
75.500000
52.700001
1.040000
35.899998
29.400002
97.900002
4.920000
11.500000
81.000000
68.300003
2.580000
90.299995
30.299999
99.000000
3.380000
81.899994
59.799999
70.100006
1.560000
44.500000
11.900001
68.099998
4.140000
64.400002
85.200005
41.700001
0.570000
14.500000
34.900002
99.300003
3.170000
8.800000
5.800000
90.000000
1.820000
93.000000
69.400002
46.300003
4.480000
22.400000
10.800000
11.200000
1.050000
41.799999
88.599998
50.300003
2.500000
9.000000
16.500000
54.000000
4.290000
12.400000
10.400000
19.700001
3.370000
82.700005
44.200001
21.300001
0.620000
30.500000
56.399998
2.300000
1.020000
90.800003
99.500000
7.300000
1.590000
40.300003
78.699997
57.099998
1.100000
18.200001
93.699997
3.700000
1.750000
80.900002
2.400000
71.199997
0.890000
71.199997
1.300000
28.000000
1.850000
2.400000
65.800003
97.000000
4.030000
52.000000
14.500000
48.500000
2.130000
55.200001
73.900002
93.900002
3.060000
20.299999
44.899998
36.500000
3.180000
29.000000
63.500000
56.900002
4.020000
80.900002
2.500000
24.700001
3.030000
8.300000
81.899994
71.000000
2.700000
9.000000
36.799999
36.900002
1.900000
57.099998
36.300003
90.100006
3.920000
90.500000
66.099998
84.399994
1.770000
70.300003
39.100002
63.400002
2.580000
58.600002
51.599998
67.699997
4.070000
19.500000
13.900000
73.500000
3.730000
85.200005
51.599998
44.299999
1.000000
8.000000
46.799999
87.099998
3.350000
56.500000
92.700005
16.299999
3.810000
28.000000
90.800003
37.900002
3.150000
29.600000
36.500000
75.300003
1.050000
34.900002
67.199997
42.800003
1.060000
85.900002
49.599998
28.900002
1.570000
28.699999
50.799999
56.399998
2.850000
25.599998
55.000000
11.300000
0.410000
93.500000
48.600002
78.400002
4.430000
14.099999
59.299999
13.300000
2.680000
44.200001
81.800003
27.200001
4.970000
74.000000
90.400002
5.500000
3.080000
90.800003
98.300003
18.300001
0.220000
49.299999
89.700005
33.599998
1.600000
76.699997
5.600000
56.399998
2.340000
36.900002
0.800000
92.399994
2.820000
8.000000
75.100006
78.900002
0.730000
75.500000
74.299995
86.699997
3.330000
43.600002
19.400002
19.700001
1.940000
67.900002
86.099998
70.700005
2.740000
9.500000
88.800003
97.900002
4.020000
89.000000
69.699997
85.699997
2.840000
39.900002
93.699997
72.399994
0.250000
99.899994
65.300003
38.800003
2.450000
78.200005
71.900002
23.299999
3.350000
53.800003
95.900002
53.500000
3.330000
41.199997
97.799995
78.300003
3.720000
75.500000
23.400000
77.900002
2.630000
45.500000
99.700005
90.500000
4.580000
38.099998
34.700001
47.800003
0.690000
98.500000
13.900000
51.700001
0.960000
61.799999
4.000000
87.200005
2.260000
6.900000
41.799999
42.199997
4.540000
75.800003
2.900000
48.400002
0.900000
61.399998
94.700005
87.500000
0.300000
27.299999
81.800003
19.500000
1.080000
3.700000
2.300000
26.900002
1.300000
23.099998
97.700005
94.099998
4.290000
41.399998
23.299999
69.299995
2.010000
36.500000
87.700005
64.699997
1.900000
80.400002
71.699997
93.300003
4.750000
94.099998
68.800003
38.000000
0.010000
78.800003
45.599998
6.500000
1.820000
73.699997
55.200001
78.599998
4.090000
98.500000
99.000000
39.500000
4.750000
90.100006
18.200001
10.200000
2.430000
61.399998
62.299999
68.900002
4.160000
57.800003
86.800003
4.400000
1.800000
40.799999
58.699997
56.199997
3.690000
95.000000
66.400002
26.800001
0.400000
51.000000
22.600000
43.200001
1.660000
78.500000
85.000000
96.800003
2.430000
73.500000
28.800001
8.300000
4.750000
24.900000
30.100000
72.699997
1.740000
80.900002
28.800001
48.400002
2.410000
52.199997
66.199997
83.300003
0.020000
7.600000
57.500000
38.599998
4.280000
64.299995
63.299999
84.099998
1.480000
44.699997
2.600000
59.200001
2.410000
31.199999
86.000000
27.200001
4.570000
2.900000
61.900002
62.099998
2.290000
6.900000
61.199997
63.699997
4.430000
78.800003
57.800003
1.000000
0.940000
39.500000
85.000000
10.000000
2.440000
82.900002
80.200005
43.099998
1.690000
54.200001
47.700001
37.099998
4.360000
50.900002
99.099998
58.600002
0.900000
8.400000
40.900002
87.600006
2.690000
90.699997
5.300000
57.000000
4.690000
61.500000
33.200001
82.600006
2.520000
90.200005
41.500000
74.099998
0.210000
6.200000
28.800001
5.100000
2.550000
25.000000
22.700001
73.500000
2.230000
10.000000
28.199999
25.100000
3.890000
96.099998
56.599998
73.200005
4.200000
79.899994
5.800000
27.400000
0.690000
23.000000
97.000000
44.599998
3.370000
27.400000
68.500000
60.900002
3.700000
27.200001
76.799995
10.200000
3.870000
31.800001
50.900002
26.900002
1.660000
22.299999
18.000000
8.400000
1.520000
17.400000
87.500000
25.000000
0.670000
57.299999
30.100000
9.400000
0.500000
34.900002
84.300003
13.700000
3.220000
90.299995
32.299999
77.600006
2.010000
16.200001
83.100006
94.899994
0.430000
37.700001
23.699999
0.400000
3.760000
15.400000
72.399994
71.599998
2.770000
40.000000
3.400000
48.400002
1.300000
7.800000
49.000000
52.000000
3.940000
47.299999
31.900002
22.000000
0.290000
82.399994
20.900000
45.799999
1.630000
12.200001
43.600002
57.000000
4.520000
79.699997
14.099999
91.800003
2.850000
19.900000
0.000000
63.299999
3.970000
96.199997
67.500000
47.000000
4.520000
5.500000
26.700001
94.899994
2.640000
5.900000
63.000000
5.800000
3.770000
82.299995
85.000000
67.000000
1.290000
71.400002
60.400002
87.000000
4.940000
91.500000
94.000000
11.599999
0.020000
35.899998
92.799995
44.299999
4.820000
55.000000
80.600006
65.500000
1.790000
86.000000
51.399998
93.100006
4.400000
97.000000
19.600000
24.300001
2.720000
76.599998
47.600002
98.300003
4.830000
55.400002
16.400000
69.099998
2.380000
70.400002
68.300003
12.200001
1.960000
60.700001
57.199997
12.200001
4.880000
75.800003
76.699997
82.799995
3.920000
80.500000
50.799999
22.299999
1.750000
10.299999
86.899994
93.500000
0.520000
21.900002
44.599998
61.199997
3.020000
30.699999
94.399994
52.000000
3.600000
95.500000
43.400002
33.699997
3.730000
88.400002
4.000000
55.400002
4.180000
55.799999
90.800003
10.700001
4.610000
77.300003
38.399998
75.700005
4.470000
63.600002
53.699997
97.000000
3.610000
87.700005
83.500000
63.899998
2.740000
24.000000
27.799999
4.800000
3.220000
45.799999
36.099998
54.500000
1.240000
34.700001
61.000000
61.500000
2.640000
6.500000
1.100000
67.300003
0.850000
69.199997
56.700001
80.500000
3.030000
17.500000
77.099998
76.400002
2.460000
75.100006
15.800000
54.000000
0.300000
9.200000
71.500000
58.299999
1.620000
70.900002
73.099998
2.800000
4.160000
92.600006
32.299999
78.400002
0.640000
8.800000
27.600000
54.500000
4.730000
20.000000
87.000000
30.799999
1.880000
75.900002
6.800000
69.500000
1.090000
87.200005
33.000000
50.000000
1.700000
95.100006
95.200005
59.099998
2.020000
53.299999
75.700005
41.700001
1.500000
39.200001
74.400002
51.000000
4.990000
8.100000
36.600002
54.400002
3.400000
89.399994
79.800003
62.700001
2.730000
69.800003
36.000000
67.099998
4.930000
54.400002
97.600006
47.800003
3.080000
96.599998
73.200005
25.699999
1.610000
53.899998
39.100002
20.500000
0.120000
44.299999
94.199997
91.000000
1.370000
62.199997
3.300000
72.800003
4.020000
49.400002
96.899994
31.099998
0.800000
71.599998
90.800003
84.599998
0.670000
63.500000
17.299999
35.000000
2.350000
13.099999
42.600002
13.000000
0.370000
49.000000
79.299995
38.599998
2.360000
17.799999
73.200005
53.400002
2.260000
73.200005
19.299999
20.699999
3.980000
50.000000
42.399998
13.300000
1.790000
92.799995
8.000000
15.200000
3.950000
60.300003
44.299999
93.300003
3.770000
28.500000
99.799995
78.599998
4.290000
43.400002
19.199999
11.000000
3.630000
88.100006
59.599998
94.000000
2.860000
56.500000
33.500000
41.599998
4.290000
77.000000
17.200001
30.699999
3.760000
21.900002
84.099998
92.799995
2.060000
28.400000
65.300003
51.700001
2.540000
16.299999
55.200001
89.500000
1.480000
79.299995
67.000000
53.099998
3.540000
13.200001
35.299999
9.400000
3.720000
29.799999
90.200005
76.199997
0.760000
16.500000
13.400001
70.500000
1.180000
32.900002
48.099998
58.500000
0.900000
74.299995
78.400002
5.700000
2.840000
92.500000
52.099998
43.800003
1.090000
4.300000
95.400002
43.000000
1.470000
82.200005
55.799999
78.699997
1.620000
0.000000
30.000000
29.900000
1.760000
30.599998
94.199997
60.599998
4.350000
6.700000
43.200001
100.000000
1.270000
85.000000
66.400002
53.299999
0.290000
86.199997
32.700001
95.299995
3.300000
87.799995
78.300003
86.099998
0.810000
18.600000
0.300000
51.000000
4.610000
64.400002
70.700005
60.000000
1.780000
84.799995
5.800000
63.200001
4.050000
66.199997
15.500000
7.400000
1.690000
59.699997
84.099998
38.099998
4.030000
22.900000
53.099998
75.800003
3.540000
66.699997
65.199997
79.000000
2.840000
36.500000
1.000000
57.600002
0.570000
9.599999
83.800003
59.099998
3.980000
99.300003
10.299999
87.099998
3.010000
78.000000
96.000000
27.500000
0.110000
52.500000
45.100002
15.100000
4.600000
17.600000
54.699997
41.599998
4.160000
3.400000
4.000000
98.100006
4.980000
54.599998
24.500000
22.700001
0.150000
27.900000
18.900000
49.299999
0.010000
11.000000
95.800003
87.600006
2.920000
26.500000
73.699997
40.700001
3.970000
73.200005
17.799999
63.000000
4.680000
51.700001
94.799995
67.000000
3.510000
78.900002
37.099998
94.399994
3.610000
76.099998
15.100000
30.200001
4.640000
45.200001
23.000000
93.800003
0.050000
44.099998
3.700000
63.500000
4.530000
33.200001
70.800003
4.900000
2.940000
32.099998
0.500000
33.699997
4.090000
67.399994
46.000000
37.299999
1.730000
65.900002
96.699997
10.700001
0.660000
92.399994
91.400002
49.400002
0.480000
83.599998
3.000000
67.399994
2.310000
63.500000
50.700001
7.400000
2.630000
33.599998
74.899994
40.400002
2.140000
42.700001
74.000000
27.900000
4.840000
89.300003
84.199997
17.100000
2.490000
13.700000
18.700001
39.900002
1.460000
69.800003
30.500000
52.700001
3.000000
69.000000
14.299999
40.300003
2.180000
61.799999
78.400002
42.500000
0.460000
90.900002
34.700001
53.899998
2.180000
91.500000
72.000000
78.800003
1.670000
89.300003
80.900002
1.100000
0.550000
70.000000
6.000000
32.500000
2.020000
95.400002
25.500000
8.700000
1.280000
25.400000
43.500000
63.500000
4.180000
44.000000
60.400002
96.000000
4.270000
13.300000
25.699999
73.800003
2.330000
38.599998
86.099998
45.000000
2.210000
79.000000
2.800000
95.000000
3.630000
99.399994
77.699997
90.699997
2.280000
86.699997
0.400000
27.299999
4.250000
51.799999
45.799999
9.000000
4.770000
40.700001
9.300000
72.600006
4.520000
61.799999
94.399994
93.500000
2.550000
60.200001
23.500000
43.699997
3.790000
48.000000
46.700001
20.299999
0.440000
24.300001
1.500000
37.000000
0.210000
8.500000
54.799999
37.500000
4.440000
44.500000
16.799999
39.799999
3.410000
52.299999
37.000000
1.600000
1.800000
16.699999
43.299999
100.000000
0.150000
96.500000
85.299995
37.500000
0.060000
91.099998
97.799995
93.400002
3.490000
90.000000
95.600006
41.100002
4.850000
1.500000
43.500000
64.800003
2.380000
3.200000
39.599998
30.900000
1.650000
15.700001
4.300000
93.300003
0.570000
96.099998
46.300003
48.400002
3.430000
47.800003
34.000000
24.300001
1.850000
78.599998
65.800003
54.799999
4.010000
40.799999
94.700005
28.099998
3.840000
44.799999
42.199997
43.500000
1.590000
72.000000
4.200000
2.400000
2.790000
5.300000
90.500000
61.199997
3.800000
18.300001
59.699997
22.299999
0.400000
65.100006
99.199997
86.199997
0.920000
94.599998
64.400002
62.600002
4.160000
15.599999
26.000000
46.599998
4.890000
31.300001
55.100002
65.199997
2.850000
43.400002
80.600006
64.800003
2.030000
96.099998
27.000000
85.600006
1.880000
40.300003
2.500000
40.700001
1.890000
37.099998
20.500000
99.899994
2.380000
18.400000
84.099998
99.700005
2.800000
11.200000
91.000000
16.299999
2.330000
24.500000
86.800003
89.000000
4.370000
10.000000
46.199997
6.300000
3.370000
25.699999
41.000000
37.500000
4.810000
0.500000
28.699999
35.000000
1.660000
36.700001
2.000000
9.100000
1.240000
96.899994
24.700001
10.100000
1.620000
97.799995
67.800003
48.600002
0.750000
71.099998
64.500000
51.599998
2.280000
51.700001
79.599998
6.000000
0.290000
58.699997
23.500000
91.699997
0.870000
61.700001
32.299999
21.800001
1.730000
52.900002
20.400000
9.200000
0.040000
32.900002
99.099998
1.700000
2.370000
21.400002
4.200000
22.200001
1.020000
1.200000
80.100006
67.399994
1.710000
14.400001
82.900002
19.600000
4.740000
21.000000
93.199997
97.099998
3.860000
11.000000
95.600006
46.100002
3.650000
98.300003
26.300001
52.900002
4.850000
66.000000
33.900002
52.000000
1.500000
43.600002
14.000000
54.899998
1.000000
95.600006
65.000000
43.299999
2.200000
30.200001
8.400000
12.100000
4.860000
48.000000
64.699997
9.500000
0.090000
91.599998
79.699997
35.500000
0.330000
61.399998
38.800003
85.600006
0.590000
91.500000
52.399998
34.299999
3.410000
93.400002
1.000000
71.400002
0.330000
40.300003
98.599998
79.599998
2.020000
2.600000
80.299995
18.700001
2.420000
42.800003
97.799995
66.699997
2.550000
51.100002
49.299999
95.500000
0.450000
99.799995
42.700001
70.000000
0.280000
76.799995
76.699997
31.400002
0.410000
0.800000
70.800003
50.599998
4.930000
34.299999
95.000000
33.900002
0.510000
77.099998
14.200000
61.799999
0.660000
66.799995
70.700005
78.500000
0.770000
26.400002
76.900002
36.500000
2.370000
16.799999
96.500000
62.900002
1.660000
38.099998
49.500000
70.700005
0.510000
64.199997
26.800001
22.600000
1.500000
95.299995
52.399998
7.900000
2.070000
28.400000
36.000000
70.900002
2.710000
11.400000
6.900000
82.500000
4.280000
4.500000
30.400000
64.299995
4.950000
98.900002
84.799995
2.000000
2.130000
57.700001
39.799999
88.599998
3.280000
29.200001
98.000000
9.000000
4.970000
50.300003
80.699997
56.599998
3.980000
94.099998
4.700000
34.200001
4.800000
61.399998
44.400002
24.600000
1.330000
57.399998
80.000000
50.500000
2.440000
26.099998
95.100006
82.299995
2.440000
86.899994
91.800003
91.899994
1.870000
53.000000
54.299999
27.900000
2.540000
78.300003
22.900000
4.600000
3.890000
28.400000
23.500000
42.199997
4.620000
99.300003
13.400001
11.700000
2.170000
32.400002
82.000000
96.400002
1.570000
32.099998
93.800003
49.400002
4.030000
34.500000
100.000000
70.599998
0.450000
94.300003
51.700001
62.199997
2.820000
1.300000
67.600006
7.000000
3.510000
94.000000
90.299995
78.599998
1.660000
38.000000
88.199997
79.299995
1.010000
42.900002
0.900000
91.300003
1.600000
13.300000
57.299999
4.500000
1.220000
35.700001
46.000000
10.900001
0.000000
52.399998
27.900000
31.800001
2.880000
54.799999
55.700001
91.099998
0.460000
68.400002
22.500000
57.500000
1.810000
14.800000
49.699997
73.300003
0.980000
5.500000
54.400002
46.700001
4.450000
13.200001
47.199997
51.500000
1.680000
16.200001
53.000000
73.300003
3.900000
24.700001
65.100006
88.599998
2.660000
42.700001
76.599998
32.900002
2.330000
84.799995
25.400000
4.600000
3.480000
65.599998
35.200001
75.300003
1.950000
35.899998
8.500000
6.200000
1.680000
83.100006
69.899994
93.699997
1.840000
28.400000
16.100000
19.299999
1.180000
72.600006
19.000000
17.500000
2.830000
5.900000
89.799995
63.699997
4.490000
61.300003
96.300003
46.700001
2.200000
30.799999
13.900000
30.599998
3.750000
44.400002
42.800003
67.800003
2.040000
34.799999
10.599999
96.000000
2.840000
83.500000
55.599998
75.100006
4.950000
63.000000
55.300003
22.799999
2.090000
54.099998
79.400002
37.200001
4.100000
48.500000
16.500000
92.099998
4.140000
10.100000
78.900002
63.000000
1.490000
68.900002
63.800003
18.000000
2.410000
23.299999
55.799999
1.100000
2.970000
39.799999
57.600002
56.500000
3.780000
18.400000
53.600002
83.800003
2.200000
95.000000
96.500000
85.299995
0.670000
78.699997
51.900002
70.400002
1.380000
45.500000
99.099998
98.599998
2.520000
31.500000
90.000000
30.299999
2.010000
5.200000
95.699997
43.899998
3.820000
40.100002
26.000000
58.800003
0.290000
88.199997
82.000000
55.700001
1.990000
87.000000
26.199999
50.500000
4.700000
85.000000
28.800001
31.400002
4.360000
30.599998
28.199999
40.000000
4.150000
52.399998
1.400000
88.599998
4.840000
87.099998
42.000000
35.400002
4.280000
28.699999
67.099998
6.800000
2.520000
78.800003
78.900002
56.199997
0.350000
47.399998
52.900002
57.000000
2.240000
60.700001
83.400002
43.899998
1.320000
97.200005
25.200001
86.899994
4.830000
87.500000
67.699997
80.600006
1.550000
21.900002
98.300003
62.700001
3.350000
78.699997
88.800003
49.699997
1.480000
5.200000
66.599998
80.500000
3.310000
36.799999
13.600000
73.300003
4.160000
41.199997
70.800003
24.900000
4.500000
4.100000
55.300003
65.000000
2.660000
78.599998
69.299995
72.800003
4.950000
19.799999
3.200000
90.900002
0.490000
95.800003
42.000000
23.000000
1.680000
80.900002
10.800000
9.000000
2.570000
36.300003
46.000000
86.300003
2.120000
4.900000
97.099998
74.899994
1.420000
43.500000
46.399998
72.300003
4.890000
69.199997
66.500000
31.700001
3.990000
79.500000
48.699997
37.799999
1.870000
91.599998
62.099998
55.000000
3.550000
39.299999
75.100006
93.100006
4.570000
55.200001
56.300003
34.500000
0.200000
47.500000
35.200001
73.800003
0.260000
46.399998
90.200005
64.099998
0.650000
17.299999
74.299995
86.599998
2.870000
33.200001
15.299999
94.500000
3.350000
80.100006
14.900000
52.700001
3.880000
59.400002
45.000000
68.200005
1.050000
27.400000
44.299999
97.799995
1.060000
88.800003
46.900002
32.099998
3.780000
0.100000
74.500000
61.000000
2.100000
85.299995
7.100000
28.599998
4.990000
23.000000
6.300000
3.400000
0.980000
60.700001
20.599998
67.900002
1.460000
70.000000
23.599998
89.000000
4.520000
46.900002
47.000000
37.400002
3.030000
38.299999
80.500000
63.200001
3.380000
3.000000
45.700001
25.200001
4.370000
32.599998
40.900002
46.700001
0.300000
44.400002
76.699997
20.900000
2.390000
30.000000
78.800003
60.100002
1.150000
88.699997
95.500000
51.700001
2.770000
89.099998
93.800003
66.699997
3.590000
70.599998
10.200000
81.099998
2.260000
33.099998
51.300003
84.199997
1.930000
44.699997
68.800003
42.700001
4.780000
65.900002
89.799995
72.300003
0.760000
13.500000
74.899994
51.900002
2.400000
91.000000
84.899994
41.500000
1.340000
67.900002
0.000000
83.500000
4.490000
13.000000
22.600000
54.099998
3.030000
93.100006
71.099998
82.000000
4.240000
23.199999
2.200000
9.900000
4.410000
1.000000
73.500000
78.200005
3.550000
50.900002
39.299999
59.299999
4.570000
22.200001
51.399998
70.300003
1.400000
82.200005
54.899998
54.699997
1.870000
95.299995
68.300003
12.400000
2.440000
68.200005
44.099998
20.599998
2.030000
90.699997
39.599998
54.899998
1.100000
8.800000
68.900002
84.700005
0.680000
99.000000
37.799999
36.300003
3.930000
68.599998
39.100002
98.599998
3.990000
73.000000
76.699997
89.599998
0.440000
42.399998
23.599998
61.000000
0.220000
34.100002
75.300003
25.699999
2.290000
